###  1237667323797110918 0.186 30.0 99.986496
# method  r_pixel  n1 i1_cts i1_cts_err n2 i2_cts i2_cts_err
I      3.00    16  1897.97  18.53    15  1962.36  21.53
I      5.00    16  1182.97  10.19    15  1225.52  18.44
I      7.00    16   802.59  10.25    15   847.46  12.43
I      9.00    16   605.82   5.88    15   633.94   9.12
M     11.00    10   487.03  13.90    10   520.60   9.42
M     13.00    13   418.24   9.56    13   451.77   5.98
M     15.00    14   371.91   9.36    17   402.46   4.59
M     17.00    19   346.52   8.29    16   368.53   4.54
M     19.00    19   316.72   5.24    18   336.36   4.53
M     21.00    20   294.24   6.37    21   311.64   2.76
M     23.00    19   262.38   5.11    22   283.06   3.33
M     25.00    26   236.57   4.19    27   245.82   2.92
M     27.00    30   209.90   3.14    23   221.80   2.45
M     29.00    28   185.08   2.50    31   195.67   2.19
M     31.00    25   166.66   1.90    31   172.21   2.17
M     33.00    34   151.31   1.51    31   159.07   2.02
M     35.00    33   141.37   1.11    33   144.42   1.56
M     37.00    37   132.88   1.01    34   134.46   0.94
M     39.00    35   123.96   0.98    38   124.60   1.02
M     41.00    39   118.85   1.17    43   121.50   0.82
M     43.05    45   115.08   1.15    39   116.37   0.79
M     45.20    46   109.80   0.70    48   113.36   0.77
M     47.46    56   109.73   0.82    51   108.84   0.89
M     49.84    57   106.39   0.62    60   109.04   0.91
M     52.33    65   106.53   0.72    66   106.34   0.86
M     54.94    74   104.10   0.74    69   104.37   0.94
M     57.69    77   103.06   0.89    82   103.24   0.59
M     60.58    91   101.28   0.78    86   102.09   0.64
M     63.60   100   100.88   0.66    96   101.90   0.70
M     66.78   104   101.21   0.85   104   101.37   0.74
M     70.12   116   100.59   0.61   121   100.86   0.66
M     73.63   132   100.27   0.64   123   100.41   0.47
M     77.31   142   100.06   0.58   143   100.67   0.53
M     81.18   156   100.61   0.51   157   101.02   0.50
M     85.24   171    99.86   0.48   175   100.17   0.47
M     89.50   190   100.25   0.53   190    99.49   0.54
M     93.97   198    99.55   0.49   213   100.39   0.49
M     98.67   195   100.06   0.49   235   100.13   0.48
M    103.60   222    99.23   0.48   246    99.66   0.42
M    108.79   230   100.16   0.40   239    99.35   0.40
M    114.22   273   100.07   0.39   282   100.30   0.40
M    119.94   315   100.09   0.41   341   100.01   0.36
M    125.93   372   100.74   0.36   384   100.61   0.35
M    132.23   423    99.37   0.34   416   100.39   0.36
M    138.84   463   100.01   0.32   456   100.62   0.32
M    145.78   505    99.97   0.31   508    99.82   0.32
M    153.07   529   100.04   0.30   563   100.60   0.32
M    160.73   427    99.74   0.34   627   100.34   0.30
M    168.76   424    99.84   0.33   680   100.30   0.28
M    177.20   476   100.18   0.33   756    99.98   0.26
M    186.06   575    99.53   0.30   826   100.09   0.22
M    195.36   727    99.64   0.23   906    99.80   0.20
M    205.13   958    99.38   0.21   990    99.30   0.20
M    215.39  1107   100.07   0.19   857    99.49   0.22
M    226.16  1216    99.43   0.20   889    99.72   0.22
M    237.46  1339    99.78   0.18  1258    99.82   0.19
M    249.34  1362   100.00   0.19  1482   100.09   0.17
M    261.80  1609    99.68   0.16  1641    99.44   0.18
