###  1237667444048265289 0.186 30.0 99.787933
# method  r_pixel  n1 i1_cts i1_cts_err n2 i2_cts i2_cts_err
I      3.00    12  4138.62  45.44    11  3159.80  44.60
I      5.00    12  2393.55  30.28    11  1872.17  25.81
I      7.00    12  1456.82  14.05    11  1193.18  26.27
I      9.00    12  1002.73   4.19    11   819.09  17.31
M     11.00    10   710.42  21.88    11   617.47  23.25
M     13.00    12   566.03  18.12    15   500.90  21.43
M     15.00    16   470.94  17.25    16   408.38  14.40
M     17.00    18   390.54  12.22    16   344.98   8.83
M     19.00    20   340.90   9.81    18   305.46   4.46
M     21.00    22   295.47   4.92    21   275.27   6.14
M     23.00    23   264.16   3.85    24   251.36   2.70
M     25.00    26   246.89   4.24    26   232.43   2.84
M     27.00    26   230.45   2.61    28   218.90   3.63
M     29.00    30   214.37   1.59    30   203.48   2.30
M     31.00    31   199.11   1.42    30   194.60   1.46
M     33.00    34   188.47   1.50    33   182.83   1.64
M     35.00    37   181.95   1.24    35   175.94   1.71
M     37.00    33   176.87   0.93    40   169.90   1.42
M     39.00    39   168.62   1.15    41   164.61   1.30
M     41.00    43   162.02   1.20    41   160.41   1.38
M     43.05    45   159.25   1.07    47   153.92   1.39
M     45.20    54   150.11   1.13    45   149.35   0.93
M     47.46    53   143.53   0.85    56   146.39   1.01
M     49.84    61   139.15   1.21    62   140.43   0.88
M     52.33    64   132.76   0.79    68   136.47   0.89
M     54.94    78   130.38   0.83    78   132.49   1.10
M     57.69    82   126.14   1.07    82   128.24   0.75
M     60.58    88   123.21   0.72    91   126.38   0.77
M     63.60   104   120.45   0.81    99   123.61   0.67
M     66.78   113   118.14   0.74   108   119.97   0.72
M     70.12   116   113.69   0.73   123   115.96   0.61
M     73.63    64   113.57   0.87   129   113.55   0.77
M     77.31    18   108.97   1.08   131   111.25   0.59
M     81.18    30   107.90   1.48   132   109.63   0.68
M     85.24    78   105.89   0.79   111   106.03   0.72
M     89.50   158   104.53   0.63   172   104.86   0.55
M     93.97   217   103.38   0.59   224   103.28   0.46
M     98.67   248   102.63   0.52   242   101.92   0.41
M    103.60   265   101.30   0.43   270   101.17   0.46
M    108.79   299   100.58   0.42   286   100.95   0.39
M    114.22   323   100.43   0.43   327   100.91   0.40
M    119.94   359    99.31   0.36   351   100.11   0.34
M    125.93   389    99.61   0.38   395   100.19   0.35
M    132.23   433    99.68   0.37   436   100.42   0.32
M    138.84   487   100.29   0.35   484    99.94   0.33
M    145.78   528    99.77   0.32   529   100.25   0.29
M    153.07   506    99.48   0.34   583   100.39   0.29
M    160.73   513    99.38   0.34   650   100.88   0.28
M    168.76   563   100.10   0.29   709   100.13   0.27
M    177.20   428   100.36   0.35   774   100.42   0.23
M    186.06   376   100.19   0.35   820   100.45   0.24
M    195.36   395   100.17   0.35   856    99.96   0.22
M    205.13   482   100.46   0.31  1000    99.78   0.22
M    215.39   696    99.75   0.27  1156    99.10   0.20
M    226.16  1218    99.88   0.21  1261    99.80   0.20
M    237.46  1409   100.12   0.20  1076    99.84   0.23
M    249.34  1451    99.69   0.18  1335    99.96   0.20
M    261.80  1395   100.09   0.19  1715   100.15   0.18
