###  1237667324335226892 0.1859 30.0 99.903778
# method  r_pixel  n1 i1_cts i1_cts_err n2 i2_cts i2_cts_err
I      3.00    14   706.80   1.80    13   541.97   1.02
I      5.00    14   552.16   3.03    13   411.69   0.97
I      7.00    14   417.43   5.23    13   327.69   9.29
I      9.00    14   340.50   3.09    13   264.40   2.55
M     11.00    12   280.26   4.90    11   223.01   5.86
M     13.00    13   233.40   4.18    12   198.70   3.22
M     15.00    14   203.86   5.79    16   175.75   3.78
M     17.00    16   184.19   2.73    16   160.91   3.06
M     19.00    19   165.58   2.56    20   149.76   2.83
M     21.00    21   152.23   3.25    21   142.09   2.81
M     23.00    23   141.84   2.46    22   131.31   2.45
M     25.00    24   135.70   2.02    25   127.00   2.71
M     27.00    26   131.67   2.71    27   128.81   2.00
M     29.00    30   126.68   2.74    28   120.95   1.74
M     31.00    31   123.71   2.56    32   123.07   2.01
M     33.00    32   121.30   1.60    31   118.42   1.93
M     35.00    35   118.94   2.22    36   114.52   2.04
M     37.00    38   114.69   2.06    37   117.50   1.80
M     39.00    21   115.03   2.22    40   117.40   2.72
I     41.00    14   111.26   2.40    13   110.35   2.23
I     43.05    14   110.93   1.94    13   113.62   3.18
I     45.20    14   104.59   1.06    13   110.38   2.58
I     47.46    14   111.54   3.53    13   114.05   4.29
I     49.84    14   106.67   2.55    13   126.69   2.54
I     52.33    14   100.30   1.13    13   131.19   4.24
I     54.94    14   107.02   3.00    13   116.53   6.64
I     57.69    14   108.52   1.24    13   104.62   4.04
M     60.58    69   104.66   1.10    86   105.73   1.17
M     63.60   103   102.76   1.15    95   105.60   1.22
M     66.78   108   103.98   1.08    84   104.98   1.25
M     70.12   118   103.20   0.84    86   104.64   1.09
M     73.63   130   103.25   0.91   104   105.90   1.26
M     77.31   143   103.42   0.82   116   104.70   1.16
M     81.18   159   102.83   0.85   130   105.67   1.17
M     85.24   181   101.48   0.83   152   102.99   0.86
M     89.50   186   101.68   0.67   185   103.99   0.96
M     93.97   219   100.90   0.64   213   104.49   0.77
M     98.67   235    99.99   0.72   240   101.66   0.79
M    103.60   261   100.45   0.66   261   100.73   0.71
M    108.79   287   100.80   0.56   294   100.15   0.71
M    114.22   311   100.97   0.56   315   101.52   0.65
M    119.94   351   101.63   0.54   356   101.68   0.58
M    125.93   383   100.96   0.50   182   101.08   0.85
I    132.23    14    99.84   2.38    13    98.58   2.76
I    138.84    14   101.80   2.03    13    95.76   2.17
I    145.78    14    99.84   2.58    13   103.26   2.41
I    153.07    14   100.24   2.92    13   103.96   2.86
M    160.73   430    99.79   0.45    88    98.28   1.11
M    168.76   613   100.00   0.35   394    99.87   0.56
M    177.20   762   100.12   0.34   580   100.08   0.50
M    186.06   835    99.74   0.31   741   101.08   0.42
M    195.36   927    99.51   0.29   729   100.33   0.45
M    205.13  1022    99.59   0.28   854   100.02   0.40
M    215.39  1119    99.78   0.27  1093   100.30   0.36
M    226.16  1215   100.28   0.25  1156    98.79   0.35
M    237.46  1266   100.52   0.24  1218    99.42   0.33
