###  1237667324334309429 0.1859 30.0 99.771896
# method  r_pixel  n1 i1_cts i1_cts_err n2 i2_cts i2_cts_err
I      3.00    10   653.92   0.30     9   755.09   2.35
I      5.00    10   512.76   1.19     9   604.74   5.29
I      7.00    10   421.78   1.49     9   489.62   4.71
I      9.00    10   351.97   3.53     9   399.68   5.06
I     11.00    10   306.17   2.10     9   345.76   4.41
M     13.00    15   269.57   4.38    11   301.23   3.45
M     15.00    17   242.25   3.18    16   265.77   2.94
M     17.00    16   221.37   1.54    16   242.89   2.27
M     19.00    18   212.68   1.11    21   221.87   3.13
M     21.00    21   204.81   2.17    22   211.53   1.53
M     23.00    23   198.18   1.45    23   200.33   2.11
M     25.00    27   187.81   1.81    28   191.60   1.71
M     27.00    27   181.23   1.46    28   182.31   1.57
M     29.00    28   176.44   1.49    29   178.13   1.04
M     31.00    32   171.09   0.95    30   172.75   1.54
M     33.00    34   165.55   1.10    33   169.45   1.69
M     35.00    34   160.46   0.97    37   163.97   1.89
M     37.00    38   155.35   1.19    38   158.12   0.92
M     39.00    37   149.83   1.06    40   153.39   1.02
M     41.00    40   143.37   1.03    43   147.51   1.18
M     43.05    49   138.57   0.74    43   143.21   0.77
M     45.20    50   135.04   0.84    52   138.38   1.15
M     47.46    57   129.38   1.02    56   134.29   1.01
M     49.84    63   126.04   0.80    64   128.91   0.83
M     52.33    66   121.96   0.84    70   124.68   0.88
M     54.94    75   119.26   0.77    73   121.01   0.72
M     57.69    85   115.01   0.87    84   118.05   0.79
M     60.58    91   114.12   0.78    78   114.54   0.99
M     63.60   101   112.00   0.70    72   111.90   0.65
M     66.78   107   109.59   0.63    78   110.28   0.82
M     70.12   126   107.62   0.59    82   108.46   0.78
M     73.63   132   107.75   0.58    99   108.04   0.68
M     77.31   154   106.66   0.65   130   106.15   0.48
M     81.18   157   104.90   0.60   162   104.77   0.46
M     85.24   141   103.47   0.57   180   104.08   0.49
M     89.50   142   102.55   0.69   199   103.92   0.57
M     93.97   152   102.51   0.55   226   102.70   0.42
M     98.67   151   102.10   0.59   242   101.80   0.47
M    103.60   200   101.11   0.59   270   101.33   0.41
M    108.79   252   101.31   0.40   295   100.89   0.41
M    114.22   322   101.34   0.37   327   100.17   0.36
M    119.94   359   100.00   0.34   354    99.93   0.43
M    125.93   388   100.12   0.35   394    99.78   0.39
M    132.23   438    99.82   0.34   438    99.93   0.39
M    138.84   485   100.19   0.31   480    99.53   0.38
M    145.78   526    99.83   0.30   533    99.86   0.38
M    153.07   586    99.57   0.28   589    99.55   0.35
M    160.73   651    99.74   0.28   646   100.26   0.35
M    168.76   714   100.12   0.29   707    99.69   0.31
M    177.20   789    99.93   0.27   784    99.59   0.29
M    186.06   868    99.14   0.24   861    99.54   0.30
M    195.36   938    99.66   0.21   955    99.51   0.26
M    205.13   911   100.16   0.24  1033    99.85   0.23
M    215.39  1065    99.64   0.23  1150    99.61   0.25
M    226.16  1279   100.09   0.20  1278    99.88   0.24
M    237.46  1414    99.90   0.20  1411    99.70   0.22
M    249.34  1560    99.79   0.18  1407    99.93   0.23
M    261.80  1711    99.74   0.16  1560   100.27   0.22
