###  1237667323797700661 0.186 30.0 99.8981411578
# method  r_pixel  n1 i1_cts i1_cts_err n2 i2_cts i2_cts_err
I      3.00    14   340.31   2.77    13   416.34   0.48
I      5.00    14   257.83   2.60    13   330.92   1.31
I      7.00    14   231.77   3.26    13   266.78   1.65
M      9.00    10   199.18   4.49    10   226.00   5.80
M     11.00    12   184.80   2.92    11   192.69   4.63
M     13.00    12   167.28   2.89    12   173.08   2.19
M     15.00    17   162.00   2.22    15   163.11   3.10
M     17.00    17   154.54   2.77    18   157.87   2.70
M     19.00    18   137.40   1.88    18   151.50   1.82
M     21.00    21   137.20   1.30    21   145.68   1.85
M     23.00    23   130.73   1.50    23   142.22   1.34
M     25.00    24   131.00   1.44    23   137.50   1.50
M     27.00    28   126.24   1.28    28   133.24   1.51
M     29.00    29   122.71   1.00    27   130.05   1.26
M     31.00    31   121.35   1.26    31   128.66   1.43
M     33.00    34   118.14   1.48    33   125.42   1.39
M     35.00    35   116.15   1.30    34   122.52   1.70
M     37.00    38   116.00   1.40    39   120.63   1.47
M     39.00    40   114.84   1.45    39   117.64   1.01
M     41.00    41   112.99   1.24    41   114.15   1.72
M     43.05    42   108.80   1.29    43   111.97   1.24
M     45.20    37   109.51   1.45    51   111.25   1.03
M     47.46    35   109.59   1.29    56   109.89   1.10
M     49.84    37   106.40   1.21    59   108.24   1.31
M     52.33    38   105.58   1.17    67   107.91   0.84
M     54.94    43   104.50   1.21    71   105.18   1.19
M     57.69    45   104.55   1.13    85   105.79   0.93
M     60.58    49   104.41   1.17    89   104.91   0.71
M     63.60    56   104.05   0.91    98   103.67   0.68
M     66.78    64   103.47   0.91   111   103.24   0.78
M     70.12    70   102.29   0.83   119   103.29   0.84
M     73.63    89    99.18   0.69   131   102.21   0.68
M     77.31    81   100.53   0.88   144   103.30   0.66
M     81.18    67   100.60   0.86   161   102.02   0.64
M     85.24    76   101.48   0.74   176   102.24   0.67
M     89.50    92   102.93   1.01   199   101.72   0.56
M     93.97    62   101.22   1.03   211   100.68   0.54
M     98.67    53   100.07   0.85   240   100.36   0.57
M    103.60    54   102.93   1.33   260   101.15   0.50
M    108.79    71   100.27   0.74   289   100.84   0.46
M    114.22   139   100.13   0.68   321   100.54   0.48
M    119.94   174   100.64   0.54   357   101.15   0.43
M    125.93   211   101.22   0.52   351   100.21   0.46
M    132.23   260   100.51   0.47   376   100.12   0.43
M    138.84   308   100.14   0.47   427   101.49   0.40
M    145.78   381   100.61   0.40   475   101.26   0.35
M    153.07   462    99.83   0.38   351   101.28   0.40
M    160.73   478    99.91   0.39   289   100.70   0.46
M    168.76   526   100.30   0.32   263   101.00   0.45
M    177.20   613   100.26   0.34   255   101.73   0.49
M    186.06   713    99.72   0.29   291   102.80   0.53
M    195.36   911    99.74   0.26   348   103.01   0.43
M    205.13   776    99.71   0.26   439   101.21   0.38
M    215.39   556    99.50   0.34   707   101.11   0.30
M    226.16   454    99.92   0.41  1213   101.68   0.26
M    237.46   409    99.65   0.39  1283   100.79   0.24
M    249.34   422   100.03   0.36  1298    99.77   0.21
M    261.80   551   100.44   0.36  1473    99.65   0.21
