###  1237667444048658530 0.186 30.0 101.97527
# method  r_pixel  n1 i1_cts i1_cts_err n2 i2_cts i2_cts_err
I      3.00    16  1656.45  11.58    15  2485.83  44.68
I      5.00    16  1008.44  16.09    15  1463.56  28.13
I      7.00    16   716.63   6.12    15   955.83  11.86
I      9.00    16   554.95   4.03    15   693.67   6.16
M     11.00    12   455.79  10.00    10   534.81  10.20
M     13.00    13   377.35   5.96    10   441.10  13.00
M     15.00    14   330.79   4.80    17   381.07   6.71
M     17.00    15   297.04   3.19    14   326.32   3.01
M     19.00    18   264.29   4.40    18   284.17   4.30
M     21.00    19   241.68   3.48    21   261.56   4.71
M     23.00    22   223.26   2.36    22   241.77   3.52
M     25.00    25   208.10   2.17    25   230.47   3.79
M     27.00    24   197.87   1.73    24   227.62   6.12
M     29.00    28   189.42   1.68    30   229.12  11.39
M     31.00    32   179.39   1.91    31   200.47   4.28
M     33.00    33   168.09   2.09    28   181.63   1.97
M     35.00    35   163.29   1.70    34   173.22   1.63
M     37.00    36   156.26   1.92    38   163.96   1.63
M     39.00    41   153.70   1.62    35   157.32   1.56
M     41.00    34   147.97   1.74    39   148.85   1.13
M     43.05    45   147.44   1.82    46   144.44   1.55
M     45.20    49   139.69   1.42    47   138.05   1.79
M     47.46    56   135.81   1.20    57   129.89   1.29
M     49.84    58   129.48   1.20    53   122.39   1.12
M     52.33    64   122.25   1.02    67   120.38   1.33
M     54.94    69   119.11   1.04    71   115.32   1.29
M     57.69    82   116.39   0.97    82   112.66   0.99
M     60.58    81   112.36   0.69    86   109.01   0.99
M     63.60    99   109.27   0.73    97   107.64   0.86
M     66.78   105   109.29   0.70   107   106.78   0.87
M     70.12   117   108.21   0.86   116   104.59   0.73
M     73.63   123   109.24   0.62   132   104.04   0.83
M     77.31   143   107.70   0.85   140   103.33   0.70
M     81.18   154   106.48   0.81   154   102.68   0.65
M     85.24   179   106.78   0.59   174   101.53   0.67
M     89.50   171   106.04   0.56   189   103.56   0.68
M     93.97   161   106.83   0.73   214   101.71   0.60
M     98.67   181   106.27   0.69   228   100.09   0.50
M    103.60   209   106.77   0.54   260   100.73   0.60
M    108.79   182   106.81   0.59   279   100.78   0.51
M    114.22   195   106.36   0.61   315   100.54   0.52
M    119.94   167   106.80   0.68   342    99.40   0.50
M    125.93   111   107.74   0.90   379   100.33   0.50
M    132.23    88   107.63   0.82   420    99.93   0.45
M    138.84    85   107.79   1.11   458   100.55   0.46
M    145.78   207   111.50   0.55   505   100.14   0.41
M    153.07   558   112.08   0.41   561   100.69   0.36
M    160.73   624   114.03   0.41   611   101.02   0.42
M    168.76   569   114.49   0.39   575   100.15   0.39
M    177.20   509   116.06   0.49   558   100.26   0.43
M    186.06   558   117.14   0.45   630   100.42   0.43
M    195.36   533   121.61   0.48   767   101.06   0.35
M    205.13   418   122.55   0.51   959   100.32   0.32
M    215.39   412   125.50   0.68  1110   100.45   0.28
M    226.16   588   129.00   0.51  1202   100.15   0.29
M    237.46   754   131.85   0.45  1292   100.32   0.25
M    249.34   766   133.13   0.54  1493    99.96   0.25
M    261.80   968   142.37   0.79  1639    99.34   0.24
