###  1237667324334702622 0.1861 30.0 99.385666
# method  r_pixel  n1 i1_cts i1_cts_err n2 i2_cts i2_cts_err
I      3.00    10  4301.88 147.62     9  5479.20 227.04
I      5.00    10  2841.03 120.77     9  3922.88 191.49
I      7.00    10  1920.34  83.00     9  2731.60 126.09
I      9.00    10  1360.09  58.57     9  1958.41  61.13
M     11.00    11  1032.07  23.18    11  1519.99  40.71
M     13.00    11   835.35  16.89    14  1208.35  26.26
M     15.00    16   716.91  29.30    15   999.77  17.41
M     17.00    18   607.30  19.68    18   839.32  12.91
M     19.00    20   532.14  17.37    19   710.73  15.75
M     21.00    21   451.85  12.72    23   593.88  11.07
M     23.00    24   405.16  10.16    24   497.57   7.12
M     25.00    25   354.89   6.62    23   415.82   4.12
M     27.00    29   315.62   5.40    28   359.45   4.38
M     29.00    30   284.72   3.04    31   313.99   3.12
M     31.00    30   261.47   2.63    32   282.77   2.55
M     33.00    36   242.35   2.13    33   255.50   2.48
M     35.00    35   228.31   1.66    36   234.62   2.11
M     37.00    36   212.88   1.57    39   221.42   2.20
M     39.00    41   205.72   1.72    41   208.83   1.96
M     41.00    41   197.90   1.36    41   199.21   1.49
M     43.05    47   192.25   1.34    46   195.34   1.97
M     45.20    50   184.36   1.27    56   189.38   1.34
M     47.46    51   181.88   0.94    57   183.31   1.48
M     49.84    64   179.38   0.96    58   178.85   1.19
M     52.33    67   174.48   0.86    71   174.85   1.09
M     54.94    77   169.66   0.92    73   171.92   1.12
M     57.69    82   167.71   1.07    76   169.94   1.10
M     60.58    93   159.98   0.91    88   166.65   1.11
M     63.60   102   154.61   0.88   100   160.57   1.11
M     66.78   109   150.89   0.74   110   155.49   0.92
M     70.12   119   147.69   0.92   116   150.79   1.03
M     73.63   136   143.30   0.99   133   143.87   0.85
M     77.31   138   136.74   0.81   143   137.40   0.75
M     81.18   165   132.02   0.87   157   134.14   0.73
M     85.24   166   126.41   0.85   162   130.24   0.81
M     89.50   174   122.29   0.66   188   131.50   1.30
M     93.97   192   116.66   0.48   210   125.77   0.97
M     98.67   217   112.31   0.59   213   120.52   0.80
M    103.60   259   109.68   0.50   232   113.40   0.70
M    108.79   287   107.41   0.50   292   109.41   0.56
M    114.22   313   105.55   0.41   321   107.21   0.53
M    119.94   356   104.19   0.44   337   105.35   0.49
M    125.93   399   103.00   0.39   331   104.47   0.45
M    132.23   438   102.64   0.42   367   103.13   0.43
M    138.84   485   102.79   0.40   407   102.69   0.43
M    145.78   530   102.65   0.36   516   103.25   0.42
M    153.07   466   101.98   0.38   581   101.99   0.38
M    160.73   609   100.88   0.32   656   102.46   0.38
M    168.76   710   100.71   0.31   649   101.80   0.33
M    177.20   753   101.30   0.28   684   101.42   0.33
M    186.06   650   100.47   0.34   816   101.82   0.30
M    195.36   764   100.51   0.32   924   100.50   0.29
M    205.13   853    99.77   0.31   979    99.78   0.27
M    215.39  1157    99.78   0.26  1155    99.52   0.24
M    226.16  1202    99.53   0.25  1223   100.08   0.24
M    237.46  1223    99.80   0.27  1166    99.67   0.25
M    249.34  1437    99.77   0.25   873    99.61   0.28
M    261.80  1683    99.20   0.22  1370    99.60   0.22
