###  1237667324334506263 0.1859 30.0 99.864243
# method  r_pixel  n1 i1_cts i1_cts_err n2 i2_cts i2_cts_err
I      3.00    12   339.77   3.51    11   389.25   2.89
I      5.00    12   271.35   0.89    11   300.97   3.46
I      7.00    12   207.51   1.69    11   226.68   2.16
I      9.00    12   187.82   3.72    11   198.73   1.21
M     11.00    10   174.37   2.80    11   181.05   2.51
M     13.00    12   163.54   2.37    12   172.65   1.65
M     15.00    16   155.60   3.25    15   161.23   1.28
M     17.00    16   152.64   1.90    18   154.43   1.46
M     19.00    18   148.49   2.87    18   147.76   1.70
M     21.00    22   141.78   2.68    20   143.89   1.78
M     23.00    23   138.59   2.29    24   137.50   2.11
M     25.00    24   132.77   1.89    26   137.68   1.74
M     27.00    28   130.34   1.60    26   133.44   1.69
M     29.00    30   126.05   1.46    30   127.44   1.32
M     31.00    31   124.35   1.89    32   124.44   1.53
M     33.00    34   121.61   1.46    32   123.70   1.41
M     35.00    35   115.38   1.40    37   118.22   1.70
M     37.00    38   115.48   1.28    36   117.20   1.33
M     39.00    41   110.38   1.54    38   111.98   1.30
M     41.00    38   109.75   1.05    40   109.76   1.33
M     43.05    46   108.34   1.29    47   110.25   1.56
M     45.20    51   106.16   0.92    48   107.84   0.90
M     47.46    54   106.42   0.90    57   106.32   1.48
M     49.84    63   106.74   0.70    59   105.05   0.90
M     52.33    65   104.25   1.14    66   104.69   1.01
M     54.94    75   103.90   0.79    71   104.57   0.82
M     57.69    83   105.71   1.26    85   103.81   1.12
M     60.58    88   103.13   1.06    91   102.46   1.03
M     63.60   102   101.55   1.06    97   102.17   0.74
M     66.78   109   101.41   0.90   109   101.37   0.72
M     70.12   120   102.65   0.94   121   100.23   0.73
M     73.63   137    99.46   0.81   133   100.64   0.88
M     77.31   150   100.73   0.75   147   100.34   0.56
M     81.18   161   100.48   0.73   163   101.46   0.66
M     85.24   180   100.61   0.67   176    99.60   0.59
M     89.50   190   100.03   0.67   193   100.14   0.58
M     93.97   216    99.92   0.66   221    99.36   0.61
M     98.67   238    99.57   0.67   240    99.85   0.47
M    103.60   265    99.73   0.59   266    99.98   0.54
M    108.79   284    99.20   0.54   285   100.17   0.47
M    114.22   315   100.77   0.57   322    99.34   0.45
M    119.94   356    99.79   0.44   351   100.21   0.45
M    125.93   380   100.22   0.41   385    99.94   0.38
M    132.23   434   100.45   0.41   433   100.91   0.40
M    138.84   473    99.99   0.40   471    99.18   0.39
M    145.78   522   100.30   0.35   529    99.71   0.40
M    153.07   579    99.50   0.35   566    99.59   0.32
M    160.73   573   100.44   0.35   630    99.67   0.31
M    168.76   672    99.87   0.34   695    99.59   0.34
M    177.20   774    99.70   0.31   768    99.68   0.31
M    186.06   852   100.21   0.29   854    99.97   0.34
M    195.36   939    99.70   0.30   943    99.42   0.34
M    205.13  1031   100.30   0.28  1026    99.86   0.31
M    215.39  1153   100.37   0.27  1142    99.62   0.29
M    226.16  1251    99.84   0.24  1260    99.48   0.27
M    237.46  1370   100.13   0.23  1388    99.45   0.26
M    249.34  1520   100.25   0.22  1508    99.53   0.22
M    261.80  1580   100.47   0.21  1500   100.03   0.21
