###  1237667323797766302 0.186 30.0 99.762535
# method  r_pixel  n1 i1_cts i1_cts_err n2 i2_cts i2_cts_err
I      3.00    12  1060.69  17.71    11  1375.50  15.69
I      5.00    12   740.65   8.99    11   904.22  10.48
I      7.00    12   559.45   3.08    11   670.98   6.06
I      9.00    12   434.86   6.44    11   524.25   0.91
M     11.00    11   378.28  11.10    12   426.47   6.18
M     13.00    13   324.59   5.86    14   358.79   6.06
M     15.00    14   291.43   5.37    16   309.22   4.97
M     17.00    16   261.99   3.88    19   276.08   2.24
M     19.00    21   244.24   2.58    20   253.44   1.82
M     21.00    19   229.28   2.39    22   232.80   2.42
M     23.00    25   213.97   3.01    22   215.28   1.69
M     25.00    24   197.26   1.98    25   200.95   2.20
M     27.00    25   189.13   0.99    29   191.17   1.53
M     29.00    30   183.99   1.63    29   186.54   1.68
M     31.00    29   173.53   1.58    32   177.86   1.41
M     33.00    34   166.60   1.63    33   166.84   1.37
M     35.00    35   158.51   1.45    36   162.22   1.42
M     37.00    37   150.81   1.51    36   154.51   1.36
M     39.00    39   145.20   1.21    39   148.48   0.95
M     41.00    40   138.98   1.24    41   141.41   1.25
M     43.05    46   133.38   1.07    47   136.63   1.17
M     45.20    50   128.91   1.40    51   129.50   1.27
M     47.46    54   126.62   1.18    52   126.32   0.95
M     49.84    63   123.70   1.02    60   123.49   0.98
M     52.33    66   119.55   1.03    69   118.62   1.05
M     54.94    78   117.12   0.90    72   117.26   0.78
M     57.69    84   114.65   0.87    78   113.18   0.93
M     60.58    91   110.61   0.96    85   112.73   0.63
M     63.60    90   107.73   0.92    99   109.07   0.87
M     66.78    82   105.69   1.11   109   104.28   0.64
M     70.12    95   104.28   0.89   122   104.43   0.74
M     73.63   134   103.64   0.62   134   104.01   0.78
M     77.31   146   102.80   0.53   143   102.00   0.63
M     81.18   160   101.52   0.68   163   101.95   0.68
M     85.24   179   100.47   0.63   178   100.83   0.50
M     89.50   196   101.54   0.52   196    99.67   0.56
M     93.97   213   100.58   0.54   220   100.02   0.50
M     98.67   242    99.62   0.53   243    99.77   0.54
M    103.60   255    99.78   0.48   259   100.21   0.50
M    108.79   294    99.83   0.44   290    99.92   0.46
M    114.22   327   100.52   0.44   313   100.05   0.45
M    119.94   356    99.18   0.42   354    99.62   0.42
M    125.93   386    99.69   0.37   396    99.77   0.40
M    132.23   430   100.03   0.36   426    99.57   0.36
M    138.84   472    99.49   0.36   474    99.59   0.38
M    145.78   519    99.53   0.34   520   100.19   0.35
M    153.07   578    99.60   0.33   581   100.04   0.31
M    160.73   622    99.69   0.31   635    99.33   0.30
M    168.76   605    99.52   0.32   697    99.72   0.29
M    177.20   745    99.50   0.29   777   100.09   0.27
M    186.06   851   100.06   0.27   856    99.73   0.26
M    195.36   942    99.85   0.25   932   100.10   0.26
M    205.13  1030   100.10   0.25   814    99.47   0.28
M    215.39  1135    99.72   0.24   778    99.71   0.28
M    226.16  1272    99.74   0.23   932   100.34   0.25
M    237.46  1380    99.68   0.22  1354    99.75   0.20
M    249.34  1528    99.82   0.20  1377    99.30   0.22
M    261.80  1689    99.63   0.20   960    99.76   0.25
