###  1237665427552993436 0.1861 30.0 99.540222
# method  r_pixel  n1 i1_cts i1_cts_err n2 i2_cts i2_cts_err
I      3.00    12   729.07   7.59    11   724.16   2.12
I      5.00    12   539.88   6.47    11   548.80   2.73
I      7.00    12   436.41   6.76    11   454.10   3.29
I      9.00    12   356.67   4.65    11   381.76   3.53
M     11.00    11   322.47   3.53    10   336.30   5.97
M     13.00    12   292.21   3.30    11   293.45   1.94
M     15.00    15   266.20   3.95    15   269.77   3.27
M     17.00    17   249.37   2.14    18   248.22   2.74
M     19.00    20   231.56   2.64    20   232.71   2.12
M     21.00    19   222.16   2.84    18   222.31   2.91
M     23.00    25   208.81   2.39    25   212.93   2.05
M     25.00    25   199.40   2.04    25   205.55   1.93
M     27.00    28   190.89   2.18    28   197.12   1.32
M     29.00    31   185.35   1.21    31   188.67   1.75
M     31.00    32   176.02   2.07    32   182.22   1.52
M     33.00    30   169.82   0.90    33   177.34   1.69
M     35.00    30   165.01   0.84    35   172.05   1.37
M     37.00    37   162.15   1.67    37   167.33   1.05
M     39.00    36   161.08   0.85    35   161.50   0.83
M     41.00    43   156.32   1.01    43   158.61   1.17
M     43.05    42   154.23   1.08    43   154.06   1.18
M     45.20    50   149.93   1.29    50   151.72   1.36
M     47.46    56   146.12   1.19    56   146.60   1.33
M     49.84    65   141.66   0.77    63   143.49   0.81
M     52.33    62   138.24   0.85    63   140.57   0.98
M     54.94    80   134.38   0.86    76   135.48   0.71
M     57.69    83   129.78   0.78    85   129.54   0.86
M     60.58    92   125.72   0.88    92   126.36   0.94
M     63.60   100   122.75   0.75    99   122.73   0.74
M     66.78   108   120.88   0.75    94   119.44   0.56
M     70.12   112   119.23   0.61    96   117.66   0.82
M     73.63   111   116.71   0.69    41   116.91   0.96
M     77.31   107   115.28   0.69    20   120.32   1.38
M     81.18   101   113.80   0.68    19   112.12   1.69
M     85.24    43   112.79   1.17    19   113.72   1.10
M     89.50    25   116.63   1.99    20   108.43   1.08
M     93.97    48   118.58   2.03    20   107.57   0.54
M     98.67    99   108.94   0.69    26   107.24   0.89
M    103.60   159   107.41   0.70    28   106.18   0.92
M    108.79   165   105.25   0.62    21   108.79   1.36
I    114.22    12   103.57   2.06    11   107.68   5.76
I    119.94    12   105.57   1.83    11   112.05   6.24
M    125.93   198   102.32   0.53    76   101.48   0.78
M    132.23   242   101.76   0.47   125   101.95   0.56
M    138.84   286   101.87   0.48   181   101.77   0.45
M    145.78   327   100.55   0.36   245   101.06   0.49
M    153.07   370   101.19   0.35   323   100.15   0.37
M    160.73   432   100.63   0.32   441   100.89   0.35
M    168.76   506   100.46   0.29   623   100.42   0.29
M    177.20   603   100.11   0.26   776   100.15   0.26
M    186.06   721   100.33   0.25   850   100.04   0.24
M    195.36   909   100.39   0.23   943    99.82   0.24
M    205.13  1029    99.88   0.20  1032    99.63   0.23
M    215.39  1091    99.61   0.20  1148    99.42   0.22
M    226.16  1166    99.73   0.18  1206    99.48   0.21
M    237.46  1324    99.81   0.18  1281   100.12   0.21
M    249.34  1197   100.05   0.18  1528    99.83   0.19
M    261.80  1155   100.18   0.19  1680   100.12   0.18
