###  1237667444048396291 0.186 30.0 99.940796
# method  r_pixel  n1 i1_cts i1_cts_err n2 i2_cts i2_cts_err
I      3.00    10  6429.93   6.73     9  7619.12  44.53
I      5.00    10  3702.84   6.22     9  4476.99  32.52
I      7.00    10  2322.08   3.17     9  2878.41  22.72
I      9.00    10  1595.50   8.23     9  1967.47  15.29
M     11.00    12  1136.13  34.09    11  1439.39  55.61
M     13.00    12   855.17  22.06    13  1064.25  29.46
M     15.00    16   685.87  13.48    16   825.09  21.36
M     17.00    18   572.21  10.67    16   670.28  15.63
M     19.00    19   480.92   4.58    20   561.60   5.87
M     21.00    24   420.39   4.37    22   477.72   6.90
M     23.00    19   368.71   2.38    22   416.10   5.85
M     25.00    20   332.63   2.08    26   366.52   4.08
M     27.00    28   301.74   3.19    28   325.80   3.15
M     29.00    29   273.37   2.63    32   296.61   2.57
M     31.00    32   250.98   1.91    31   263.70   2.31
M     33.00    34   230.90   1.81    34   245.61   2.09
M     35.00    37   217.12   1.68    37   230.82   2.18
M     37.00    37   205.61   1.90    39   217.26   1.75
M     39.00    41   198.65   1.76    39   206.45   1.24
M     41.00    42   190.48   1.59    40   196.51   1.18
M     43.05    47   182.56   1.50    46   189.09   1.56
M     45.20    49   176.91   1.04    57   180.98   1.24
M     47.46    54   174.93   1.36    53   175.98   1.06
M     49.84    64   168.56   0.98    60   173.33   1.49
M     52.33    63   162.85   0.82    71   166.04   1.01
M     54.94    80   162.83   0.93    75   161.54   1.01
M     57.69    82   157.32   0.91    76   160.26   0.77
M     60.58    95   157.40   0.97    94   155.65   0.83
M     63.60   102   155.21   0.85   101   151.00   0.97
M     66.78   113   149.27   0.79   121   147.25   0.78
M     70.12   118   146.82   0.93   121   145.01   0.91
M     73.63   142   143.34   0.72   140   143.16   0.79
M     77.31   148   142.08   0.74   144   141.81   0.68
M     81.18   164   138.71   0.69   161   137.68   0.70
M     85.24   177   135.54   0.57   190   134.40   0.62
M     89.50   152   133.87   0.67   201   133.45   0.64
M     93.97   153   130.04   0.66   216   131.48   0.49
M     98.67   143   125.82   0.64   239   126.97   0.50
M    103.60    83   122.29   0.64   271   124.62   0.57
M    108.79    51   117.67   0.75   253   122.52   0.51
M    114.22    11   113.84   1.34   172   118.68   0.74
M    119.94    37   108.69   1.38   202   116.27   0.63
M    125.93   184   109.24   0.66   255   111.68   0.50
M    132.23   322   108.53   0.48   363   108.22   0.48
M    138.84   484   105.25   0.37   479   106.55   0.38
M    145.78   461   103.47   0.39   536   105.37   0.33
M    153.07   372   102.86   0.40   586   103.02   0.27
M    160.73   409   101.80   0.37   651   102.71   0.29
M    168.76   576   102.40   0.33   697   102.12   0.25
M    177.20   797   101.41   0.30   799   101.65   0.26
M    186.06   865   100.58   0.24   851   101.36   0.25
M    195.36   959   100.42   0.22   587   100.60   0.30
M    205.13  1053   100.33   0.21   338   101.20   0.38
M    215.39  1162   100.08   0.22   250    99.87   0.45
M    226.16  1288    99.48   0.19   292    99.95   0.43
M    237.46  1416    99.98   0.19   440   100.48   0.35
M    249.34  1555    99.82   0.18   697   100.12   0.30
M    261.80  1680    99.97   0.17   901    99.63   0.26
