###  1237667444585529472 0.186 30.0 99.064987
# method  r_pixel  n1 i1_cts i1_cts_err n2 i2_cts i2_cts_err
I      3.00    14  1289.43  26.18    13  1766.74  52.68
I      5.00    14   751.71  14.47    13   998.67  29.88
I      7.00    14   484.91   8.76    13   635.47  19.15
I      9.00    14   347.43  10.01    13   429.46  10.47
I     11.00    14   277.24   2.76    13   320.70   6.53
M     13.00    12   223.63   4.80    13   264.83   4.72
M     15.00    14   197.71   2.71    16   219.43   6.10
M     17.00    17   189.21   2.63    18   198.71   2.31
M     19.00    19   175.45   1.44    17   175.17   1.73
M     21.00    20   165.11   2.14    21   163.77   1.55
M     23.00    19   158.08   1.93    23   163.17   2.20
M     25.00    24   150.04   2.36    25   162.28   2.64
M     27.00    29   136.98   1.88    26   159.45   1.87
M     29.00    25   133.99   1.42    29   147.03   2.43
M     31.00    33   130.79   1.41    31   133.18   1.54
M     33.00    34   127.38   1.60    34   125.90   1.82
M     35.00    34   124.10   1.71    36   124.19   2.22
M     37.00    35   120.18   1.74    34   124.24   1.24
M     39.00    38   118.61   1.31    39   124.22   1.90
M     41.00    41   120.05   1.86    39   117.18   1.48
M     43.05    43   119.42   1.68    41   120.97   1.23
M     45.20    52   118.43   1.48    50   120.16   1.56
M     47.46    56   120.90   1.29    53   118.43   1.02
M     49.84    58   120.62   1.07    59   117.76   1.30
M     52.33    60   117.31   1.37    68   114.55   0.98
M     54.94    79   113.08   1.10    71   112.85   1.07
M     57.69    81   113.34   1.04    80   108.95   1.04
M     60.58    80   110.01   0.95    84   106.04   1.26
M     63.60    82   107.62   1.07    83   107.19   1.12
M     66.78    76   106.58   1.10    88   105.00   1.12
M     70.12    73   107.07   0.78   105   103.40   0.99
M     73.63    63   105.69   0.68   129   104.27   0.97
M     77.31    68   105.96   0.81   150   104.36   0.71
M     81.18    77   105.12   1.05   158   104.34   0.80
M     85.24    97   106.05   1.11   175   104.69   0.77
M     89.50   120   105.10   0.95   194   102.98   0.65
M     93.97   156   104.41   0.79   217   102.05   0.62
M     98.67   232   102.09   0.71   229   102.34   0.64
M    103.60   264   102.15   0.65   265   100.33   0.59
M    108.79   289   100.74   0.56   228   100.43   0.68
M    114.22   317   100.48   0.55   146   100.73   0.58
M    119.94   349    99.54   0.49   124    99.01   0.89
M    125.93   383   101.37   0.48   120    98.76   0.97
M    132.23   418    99.79   0.43   118    99.58   0.69
M    138.84   448    99.27   0.41   138   100.20   0.74
M    145.78   470    99.29   0.43   181    98.85   0.65
M    153.07   535    98.70   0.37   250    98.96   0.62
M    160.73   609    99.02   0.40   374    99.36   0.52
M    168.76   690    98.14   0.34   538    98.30   0.41
M    177.20   752    98.84   0.32   760    98.81   0.38
M    186.06   843    98.93   0.33   846    98.54   0.33
M    195.36   930    99.26   0.32   878    98.84   0.36
M    205.13  1025    99.00   0.29   739    98.44   0.36
M    215.39  1115    98.94   0.27   741    99.22   0.36
M    226.16  1235    99.69   0.28   849    99.71   0.34
M    237.46  1370    99.66   0.26  1025    99.32   0.32
M    249.34  1509    99.39   0.25  1309   100.06   0.29
M    261.80  1670    99.96   0.24  1582   100.65   0.27
