###  1237667324334702708 0.186 30.0 99.991096
# method  r_pixel  n1 i1_cts i1_cts_err n2 i2_cts i2_cts_err
I      3.00    12   506.19   9.34    11   318.82   2.84
I      5.00    12   452.66  12.95    11   282.39   0.98
I      7.00    12   362.41   9.47    11   236.68   0.84
I      9.00    12   309.03   9.22    11   212.28   0.61
M     11.00    11   259.94   5.87    10   194.54   3.57
I     13.00    12   234.82   4.67    11   185.55   1.79
M     15.00    16   215.93   4.87    15   167.25   2.27
M     17.00    16   204.69   4.92    15   161.23   1.75
M     19.00    19   194.54   2.23    20   155.88   2.10
M     21.00    22   177.01   2.43    21   150.00   1.60
M     23.00    22   170.05   2.99    24   145.15   2.11
M     25.00    25   168.14   2.08    25   141.68   2.45
M     27.00    26   162.34   1.42    27   137.76   1.64
M     29.00    29   161.22   1.62    29   136.19   1.58
M     31.00    31   160.64   2.37    30   135.45   1.20
M     33.00    34   157.71   2.16    31   132.46   0.76
M     35.00    33   160.61   1.82    35   129.76   1.19
M     37.00    38   161.38   2.13    39   127.72   1.36
M     39.00    43   159.33   1.76    38   129.55   1.11
M     41.00    39   158.47   1.95    38   125.10   0.84
M     43.05    49   163.95   2.30    46   125.28   1.28
M     45.20    52   163.55   2.26    45   123.50   0.98
M     47.46    53   160.45   2.37    60   120.34   1.07
M     49.84    64   165.11   2.18    59   120.42   0.98
M     52.33    71   163.06   2.91    69   117.73   1.09
M     54.94    77   165.35   3.05    71   115.13   0.92
M     57.69    84   168.30   3.24    84   113.65   0.84
M     60.58    92   172.23   3.60    93   113.26   0.74
M     63.60   104   178.00   3.90   101   111.14   0.89
M     66.78   114   183.01   4.66   110   109.42   0.85
M     70.12   122   191.25   5.29   125   108.66   0.65
M     73.63   137   199.32   5.61   136   107.12   0.76
M     77.31   147   207.08   6.82   150   106.22   0.74
M     81.18   165   218.84   7.10   164   106.82   0.68
M     85.24   178   225.01   7.48   184   105.50   0.63
M     89.50   202   236.13   8.02   195   105.87   0.59
M     93.97   211   235.54   7.66   211   103.50   0.62
M     98.67   242   241.27   7.90   172   104.37   0.71
M    103.60   259   227.76   6.59   144   104.18   0.75
M    108.79   289   223.82   6.21   114   102.45   0.86
M    114.22   331   211.80   5.01    91   103.06   0.93
M    119.94   357   197.29   3.78    57   100.38   1.08
M    125.93   391   182.53   2.66    25    98.80   1.39
I    132.23    12   162.09   9.55    11    98.30   1.77
I    138.84    12   166.43   7.33    11   103.67   1.91
M    145.78   538   145.37   0.90    94   100.58   0.92
M    153.07   582   135.82   0.58   533   101.02   0.41
M    160.73   641   128.85   0.41   637   100.41   0.36
M    168.76   708   122.93   0.36   710   100.41   0.34
M    177.20   677   118.67   0.32   787   100.32   0.31
M    186.06   482   114.72   0.41   855    99.93   0.29
M    195.36   404   111.57   0.40   943   100.37   0.29
M    205.13   685   108.85   0.32  1046    99.71   0.28
M    215.39   789   107.05   0.29  1151    99.38   0.25
M    226.16   792   104.90   0.30  1254    99.98   0.23
M    237.46  1128   103.15   0.25  1406    99.49   0.23
M    249.34  1489   102.05   0.22  1552    99.75   0.23
M    261.80  1514   101.71   0.20  1699    99.92   0.20
