###  1237667444048658882 0.186 30.0 99.2192
# method  r_pixel  n1 i1_cts i1_cts_err n2 i2_cts i2_cts_err
I      3.00    10   321.36   0.41     9   777.31  15.25
I      5.00    10   254.07   1.74     9   612.49  12.39
I      7.00    10   210.11   3.45     9   401.15   6.68
M      9.00    10   192.89   6.13    10   291.48  12.95
M     11.00    13   176.89   3.10    12   227.16   6.40
M     13.00    13   171.53   4.06    13   185.62   2.98
M     15.00    16   163.53   6.95    14   164.54   2.76
M     17.00    18   165.29   7.12    18   149.70   2.15
M     19.00    18   162.86  10.08    21   140.66   2.23
M     21.00    23   157.35   7.31    21   132.96   1.80
M     23.00    23   147.88   6.21    25   128.87   2.33
M     25.00    27   137.83   5.80    25   126.62   1.74
M     27.00    28   131.58   4.05    26   120.14   1.94
M     29.00    29   126.43   4.00    32   116.94   1.61
M     31.00    32   123.50   3.10    32   114.26   1.50
M     33.00    34   115.93   3.11    33   112.43   1.24
M     35.00    38   116.70   2.54    34   113.71   1.18
M     37.00    37   113.84   2.13    37   108.93   1.02
M     39.00    41   113.02   2.59    40   107.95   1.16
M     41.00    41   113.17   1.60    40   106.31   1.34
M     43.05    46   109.14   2.39    47   105.31   1.58
M     45.20    46   107.46   1.84    52   105.11   1.46
M     47.46    56   107.50   1.69    55   103.89   0.92
M     49.84    61   103.63   1.41    63   101.17   1.08
M     52.33    70   103.96   1.31    68   101.38   0.89
M     54.94    75   102.77   1.34    75    98.00   0.86
M     57.69    85   102.76   1.02    83   100.91   1.08
M     60.58    92    99.64   0.87    93   100.10   0.72
M     63.60   100    99.35   0.86    98    99.30   0.87
M     66.78   113   100.07   0.78   109    97.79   0.75
M     70.12   124    98.49   0.83   123    97.80   0.70
M     73.63   135    98.58   0.76   134    98.66   0.76
M     77.31   145    97.82   0.58   153    99.57   0.82
M     81.18   165    96.64   0.68   164    98.73   0.76
M     85.24   181    99.08   0.63   182    98.26   0.67
M     89.50   203    97.53   0.64   202    98.93   0.68
M     93.97   219    98.12   0.64   221    99.03   0.61
M     98.67   244    97.09   0.52   244    98.68   0.61
M    103.60   264    99.37   0.58   266    98.03   0.48
M    108.79   304    98.55   0.52   290    98.60   0.51
M    114.22   325    98.76   0.48   329    98.65   0.53
M    119.94   360    98.67   0.50   358    99.30   0.43
M    125.93   397    98.28   0.43   392    98.53   0.43
M    132.23   373    97.76   0.48   438    98.55   0.43
M    138.84   302    98.12   0.47   483    99.32   0.39
M    145.78   310    97.80   0.46   530    98.65   0.33
M    153.07   318    98.32   0.46   588    99.98   0.35
M    160.73   283    98.33   0.65   650    99.58   0.36
M    168.76   287    99.13   0.59   707    99.30   0.30
M    177.20   351    99.20   0.55   692    99.14   0.31
M    186.06   502    98.94   0.50   569    99.27   0.35
M    195.36   736    98.81   0.40   712    99.51   0.30
M    205.13  1040    99.42   0.33   889    98.78   0.28
M    215.39  1091    99.31   0.31  1046    99.10   0.26
M    226.16  1146    99.34   0.31  1270    99.17   0.24
M    237.46  1297    99.25   0.30  1410    99.07   0.24
M    249.34  1116    99.91   0.31  1498    99.26   0.23
M    261.80  1146    99.23   0.29  1583    99.38   0.23
