###  1237667324334637347 0.186 30.0 99.201591
# method  r_pixel  n1 i1_cts i1_cts_err n2 i2_cts i2_cts_err
I      3.00    14  2295.96  10.32    13  5068.83  57.19
I      5.00    14  1461.81   5.94    13  2900.43  31.08
I      7.00    14   992.82  10.85    13  1792.48  22.11
I      9.00    14   705.08  10.55    13  1157.11  23.18
M     11.00    10   527.19  20.04    11   822.86  29.53
M     13.00    13   411.68  12.42    12   597.89  23.30
M     15.00    13   334.98   4.98    14   479.75  20.40
M     17.00    16   290.07   4.87    17   372.33   8.99
M     19.00    15   258.99   2.10    20   317.78   8.79
M     21.00    22   241.13   3.00    20   278.94   6.74
M     23.00    21   220.57   2.17    23   248.21   3.92
M     25.00    24   206.24   2.33    24   229.05   3.22
M     27.00    25   200.00   1.77    25   210.91   1.39
M     29.00    28   186.47   2.82    27   204.99   3.21
M     31.00    33   179.22   1.45    32   188.43   1.43
M     33.00    31   171.92   2.12    31   181.47   1.62
M     35.00    36   167.28   1.88    35   176.62   1.49
M     37.00    36   165.07   1.49    37   169.65   1.16
M     39.00    40   158.10   1.44    33   167.79   1.03
M     41.00    43   157.04   1.42    41   166.13   1.25
M     43.05    41   153.53   1.18    44   160.57   1.36
M     45.20    53   149.80   1.45    51   157.41   1.11
M     47.46    52   145.42   1.15    54   152.75   0.94
M     49.84    59   138.50   1.29    61   147.38   1.17
M     52.33    69   133.53   1.01    64   142.09   0.91
M     54.94    69   128.78   0.85    76   134.61   1.02
M     57.69    79   124.09   0.98    80   130.88   1.18
M     60.58    91   119.86   0.89    77   122.22   1.23
M     63.60    98   116.84   0.78    80   119.52   0.86
M     66.78   108   113.32   0.87    75   116.72   0.94
M     70.12   127   112.04   0.89    68   113.22   1.16
M     73.63   125   113.79   1.22    79   111.34   1.11
M     77.31   133   111.54   1.41    91   108.23   0.87
M     81.18   136   110.19   1.06    97   107.15   0.86
M     85.24   116   105.38   0.81   108   105.97   0.80
M     89.50   128   103.28   0.76   114   106.34   0.79
M     93.97   154   102.62   0.68   121   106.45   0.69
M     98.67   181   102.68   0.58   129   104.79   0.59
M    103.60   233   102.05   0.58   151   104.14   0.66
M    108.79   286   101.85   0.45   168   102.07   0.67
M    114.22   319   101.40   0.52   192   101.85   0.60
M    119.94   349   100.40   0.41   219   100.04   0.54
M    125.93   382    99.72   0.43   199   100.47   0.64
M    132.23   418    98.47   0.39   151    99.85   0.83
M    138.84   474    99.47   0.41   160    99.78   0.73
M    145.78   514    98.73   0.37   223   100.48   0.59
M    153.07   567    99.15   0.34   306   100.17   0.38
M    160.73   623    98.55   0.33   540    99.45   0.36
M    168.76   687    99.55   0.32   643    99.21   0.33
M    177.20   754    99.64   0.30   745    99.57   0.31
M    186.06   833    99.40   0.29   837    99.74   0.26
M    195.36   921    98.59   0.26   790    99.97   0.29
M    205.13  1021    99.70   0.28   578   100.78   0.36
M    215.39  1129    99.21   0.25   698    99.87   0.32
M    226.16  1228    99.07   0.24   708    99.67   0.37
M    237.46  1356    99.01   0.21   707    99.75   0.32
M    249.34  1495    98.97   0.21   392    99.26   0.49
M    261.80  1646    99.22   0.20   467    99.54   0.41
