###  1237667323797635307 0.186 30.0 99.5660850383
# method  r_pixel  n1 i1_cts i1_cts_err n2 i2_cts i2_cts_err
I      3.00    10  1698.70  72.64     9  1424.20  20.89
I      5.00    10  1393.57 118.46     9  1258.85  30.30
I      7.00    10  1051.48 114.55     9  1090.36  24.64
M      9.00    10   760.64  64.23    10   835.53  29.41
M     11.00    10   614.98  33.81    12   627.03  18.40
M     13.00    13   568.33  23.47    12   509.91  11.22
M     15.00    15   521.66  17.61    16   422.24   8.68
M     17.00    19   445.45  10.83    18   371.02   3.16
M     19.00    19   379.09   4.70    20   351.18   3.13
M     21.00    21   337.39   2.97    22   336.49   4.10
M     23.00    22   305.33   2.33    24   306.11   4.47
M     25.00    26   273.14   3.42    26   266.29   3.24
M     27.00    28   240.92   2.01    27   230.56   2.04
M     29.00    29   218.81   2.10    28   210.24   1.07
M     31.00    34   201.76   2.06    32   195.44   1.43
M     33.00    33   190.33   1.91    33   182.96   1.94
M     35.00    35   180.38   1.30    34   176.78   1.17
M     37.00    33   174.94   1.24    39   170.54   1.67
M     39.00    37   169.25   1.26    37   169.19   1.08
M     41.00    43   164.25   1.43    41   168.39   1.44
M     43.05    46   162.96   1.14    45   167.85   1.12
M     45.20    50   159.35   0.89    48   165.87   1.61
M     47.46    54   155.67   1.35    62   165.09   1.26
M     49.84    66   152.80   0.96    61   163.38   1.21
M     52.33    65   151.31   0.96    70   158.71   1.16
M     54.94    76   145.99   1.04    68   158.13   0.99
M     57.69    82   142.60   0.67    84   151.75   0.91
M     60.58    92   138.63   0.93    92   146.95   1.06
M     63.60   102   133.63   0.96   100   139.71   0.76
M     66.78   110   131.00   0.91   116   132.09   0.86
M     70.12   121   127.78   0.81   125   127.47   0.75
M     73.63   137   124.27   0.70   136   124.45   0.73
M     77.31   152   119.89   0.81   147   121.97   0.68
M     81.18   166   116.75   0.70   162   119.37   0.63
M     85.24   180   113.99   0.58    92   116.42   0.85
M     89.50   195   111.34   0.57    79   113.49   0.97
M     93.97   224   110.32   0.55    58   110.36   1.30
M     98.67   243   107.28   0.51   201   109.61   0.59
M    103.60   270   105.85   0.51   271   107.15   0.50
M    108.79   298   103.41   0.51   298   106.79   0.45
M    114.22   325   102.51   0.45   330   105.42   0.43
M    119.94   359   102.80   0.50   361   104.23   0.43
M    125.93   401   102.12   0.41   398   102.97   0.39
M    132.23   431   100.94   0.39   439   102.34   0.39
M    138.84   485   101.12   0.36   481   101.51   0.37
M    145.78   537   100.43   0.37   529   100.90   0.34
M    153.07   573    99.51   0.32   592    99.88   0.32
M    160.73   651    99.97   0.35   651    99.96   0.31
M    168.76   706    99.29   0.29   718    99.75   0.31
M    177.20   787    99.24   0.29   784    99.59   0.29
M    186.06   672    99.75   0.28   872    99.70   0.27
M    195.36   651    99.76   0.31   958   100.03   0.26
M    205.13   593    99.70   0.32  1054    99.83   0.25
M    215.39  1126    98.91   0.24  1178    99.85   0.25
M    226.16  1289    99.01   0.22  1279    99.63   0.21
M    237.46  1405    99.08   0.20  1408    99.79   0.22
M    249.34  1499    99.28   0.20  1465   100.02   0.21
M    261.80  1335    99.73   0.21  1556    99.73   0.21
