###  1237667253482553389 0.186 30.0 99.724754
# method  r_pixel  n1 i1_cts i1_cts_err n2 i2_cts i2_cts_err
I      3.00    10  3100.60  33.54     9  3859.88  52.00
I      5.00    10  1672.20  27.92     9  2065.35  26.39
I      7.00    10  1072.87  22.30     9  1276.68   3.99
I      9.00    10   741.84  17.47     9   875.04   6.75
M     11.00    11   546.70  18.36    13   609.16  21.07
M     13.00    14   431.49  14.91    13   471.37  13.57
M     15.00    16   342.23   9.73    15   378.70  11.19
M     17.00    17   297.60   6.72    18   325.02   7.75
M     19.00    18   270.96   3.60    17   283.53   2.69
M     21.00    23   251.03   3.84    18   257.13   1.88
M     23.00    22   231.65   2.54    25   237.40   2.65
M     25.00    26   216.60   2.11    23   222.05   0.96
M     27.00    28   206.38   1.81    26   212.73   1.70
M     29.00    30   190.36   2.02    30   203.20   1.51
M     31.00    32   185.84   1.85    26   199.98   1.38
M     33.00    34   181.98   1.18    32   188.67   1.28
M     35.00    35   174.34   2.22    36   180.18   1.43
M     37.00    38   170.27   1.53    40   175.65   1.45
M     39.00    41   167.06   1.73    37   169.22   1.65
M     41.00    45   160.92   1.57    43   165.01   1.08
M     43.05    42   155.58   1.23    48   158.33   1.33
M     45.20    50   151.31   1.25    48   153.29   1.31
M     47.46    60   148.44   1.53    58   147.95   1.28
M     49.84    53   143.73   0.80    63   144.48   0.96
M     52.33    71   138.67   0.95    70   140.58   1.26
M     54.94    78   133.23   0.98    73   138.43   0.98
M     57.69    80   131.83   0.91    84   132.84   0.95
M     60.58    94   128.66   0.91    91   131.64   0.93
M     63.60   102   125.07   1.00   103   127.82   1.08
M     66.78   105   125.10   0.69   111   122.88   0.80
M     70.12   126   122.68   0.87   117   121.10   0.75
M     73.63   132   119.21   0.73   138   119.46   0.68
M     77.31   150   116.33   0.79   145   117.32   0.71
M     81.18   150   115.28   0.71   121   115.58   0.70
M     85.24   137   112.96   0.71   121   112.88   0.82
M     89.50   152   111.03   0.69   117   110.54   0.82
M     93.97   177   107.45   0.63   122   106.97   0.72
M     98.67   218   107.11   0.54   149   106.74   0.74
M    103.60   264   104.99   0.49   227   105.49   0.49
M    108.79   291   103.84   0.43   295   103.56   0.49
M    114.22   329   103.25   0.43   321   101.71   0.44
M    119.94   361   102.31   0.43   364   101.86   0.41
M    125.93   397   101.64   0.44   394   101.38   0.42
M    132.23   441   100.21   0.40   430   101.18   0.38
M    138.84   472   100.55   0.37   396   100.45   0.39
M    145.78   527   100.05   0.33   384   100.66   0.39
M    153.07   583   100.88   0.34   495   100.13   0.37
M    160.73   642    99.72   0.30   598    99.67   0.34
M    168.76   654    99.26   0.32   630    99.16   0.32
M    177.20   525    99.67   0.33   669    98.71   0.30
M    186.06   561   100.07   0.31   817   100.15   0.30
M    195.36   738    99.92   0.26   943    99.30   0.26
M    205.13   813   100.25   0.23   991   100.08   0.28
M    215.39   965    99.98   0.22   998    99.94   0.28
M    226.16  1270    99.60   0.18   982    99.15   0.28
M    237.46  1404    99.88   0.18  1203    98.85   0.26
M    249.34  1551   100.07   0.17  1538    99.29   0.22
M    261.80  1694    99.48   0.17  1581    99.95   0.21
