###  1237667323260764326 0.1859 30.0 99.692635
# method  r_pixel  n1 i1_cts i1_cts_err n2 i2_cts i2_cts_err
I      3.00    16  2485.99  44.15    15  1973.62  39.30
I      5.00    16  1427.69  26.36    15  1124.48  22.91
I      7.00    16   880.25   9.65    15   771.04  14.24
I      9.00    16   665.73   3.40    15   616.20   7.36
M     11.00    11   545.70  12.58    10   505.27  12.54
M     13.00    13   465.08   7.64    12   436.11   7.40
M     15.00    17   405.35   6.74    15   387.83   8.52
M     17.00    15   366.95   3.87    18   356.74   5.89
M     19.00    18   338.70   4.15    16   320.72   4.81
M     21.00    21   316.78   3.69    21   306.20   5.82
M     23.00    23   299.61   4.81    22   288.39   5.36
M     25.00    23   287.89   6.13    26   276.39   6.14
M     27.00    29   286.09   6.37    27   274.27   7.06
M     29.00    29   280.50   8.86    29   268.12   6.23
M     31.00    30   283.76   9.27    29   266.83   8.31
M     33.00    33   283.78  10.04    34   271.62   7.88
M     35.00    34   284.95   9.78    35   266.63   8.57
M     37.00    38   283.27   9.22    36   262.75   7.90
M     39.00    38   265.74   7.47    37   255.91   7.26
M     41.00    39   252.16   6.32    41   240.50   5.83
M     43.05    46   238.41   4.40    48   227.63   4.62
M     45.20    50   220.03   3.29    44   212.22   4.19
M     47.46    53   202.10   2.62    60   198.00   2.91
M     49.84    59   189.07   1.85    58   185.51   1.96
M     52.33    68   175.44   1.42    65   176.86   1.69
M     54.94    69   165.20   0.74    69   166.70   1.17
M     57.69    82   156.05   0.96    81   160.04   1.14
M     60.58    87   149.75   0.69    90   152.12   0.70
M     63.60    96   143.30   0.80    97   146.37   0.79
M     66.78   106   138.92   0.70   104   140.05   0.57
M     70.12   113   133.92   0.56   122   134.41   0.57
M     73.63   130   128.09   0.51   124   129.49   0.40
M     77.31   143   125.54   0.47   140   125.36   0.51
M     81.18   160   122.16   0.53   157   121.69   0.43
M     85.24   171   119.29   0.41   174   119.24   0.43
M     89.50   187   116.59   0.41   193   116.62   0.40
M     93.97   212   113.83   0.40   211   114.30   0.37
M     98.67   224   111.89   0.35   225   112.04   0.36
M    103.60   254   110.19   0.34   254   109.71   0.32
M    108.79   211   108.50   0.35   238   107.63   0.32
M    114.22    62   106.17   0.70   240   106.69   0.34
M    119.94    15   105.60   1.35   267   105.28   0.29
M    125.93    20   102.74   1.23   289   103.66   0.28
M    132.23   173   103.81   0.38   279   102.56   0.29
M    138.84   427   102.77   0.26   284   102.19   0.29
M    145.78   513   102.00   0.23   347   101.41   0.25
M    153.07   478   101.08   0.23   480   101.05   0.23
M    160.73   469   100.81   0.22   607   100.82   0.20
M    168.76   482   100.81   0.23   547   100.67   0.21
M    177.20   424   100.53   0.24   537    99.94   0.21
M    186.06   482   100.56   0.22   626   100.08   0.20
M    195.36   588   100.05   0.19   883    99.55   0.16
M    205.13   570   100.01   0.21   931    99.61   0.16
M    215.39   458    99.75   0.24   858    99.60   0.16
M    226.16   503   100.24   0.23   894    99.63   0.16
M    237.46   898    99.78   0.17  1165    99.33   0.15
M    249.34  1271    99.97   0.14  1477   100.08   0.12
M    261.80  1453    99.88   0.13  1623    99.65   0.12
