###  1237667322723827758 0.186 30.0 99.767342
# method  r_pixel  n1 i1_cts i1_cts_err n2 i2_cts i2_cts_err
I      3.00    14  4152.48  28.08    13  7590.49 100.45
I      5.00    14  2382.34  15.81    13  3934.83  50.79
I      7.00    14  1600.68  12.17    13  2339.79  20.76
I      9.00    14  1166.18   4.09    13  1567.19  14.41
M     11.00    10   860.08  28.83    12  1169.35  44.57
M     13.00    12   700.07  16.29    13   881.29  27.73
M     15.00    16   574.59  13.10    16   688.03  13.89
M     17.00    18   468.26   8.08    18   557.93   9.14
M     19.00    19   394.38   5.14    18   459.58   6.68
M     21.00    23   341.01   3.47    20   391.02   6.10
M     23.00    20   307.02   1.94    24   341.04   4.52
M     25.00    25   286.44   1.97    23   309.72   2.30
M     27.00    24   268.11   1.69    28   286.43   2.70
M     29.00    32   255.21   1.40    29   269.08   1.96
M     31.00    31   241.75   1.08    31   255.46   1.68
M     33.00    33   231.29   1.50    34   241.09   1.73
M     35.00    32   221.29   0.98    30   230.69   0.90
M     37.00    37   211.02   1.04    40   222.69   1.29
M     39.00    38   205.47   0.89    38   214.17   1.15
M     41.00    40   199.31   1.12    41   208.30   1.09
M     43.05    45   195.03   0.94    45   204.62   1.42
M     45.20    48   190.70   0.87    47   198.94   0.70
M     47.46    53   185.18   0.77    55   192.07   0.88
M     49.84    63   178.85   0.97    59   185.95   1.28
M     52.33    66   173.70   0.77    70   178.83   0.79
M     54.94    72   166.41   0.73    74   171.20   0.80
M     57.69    81   161.57   0.60    79   164.00   0.69
M     60.58    88   154.69   0.69    89   156.83   0.60
M     63.60    99   148.26   0.68    94   150.17   0.61
M     66.78   108   141.58   0.62   112   144.20   0.61
M     70.12   121   135.49   0.63   119   136.79   0.51
M     73.63   133   129.12   0.61   131   131.91   0.45
M     77.31   144   124.97   0.53   142   127.98   0.47
M     81.18   159   119.46   0.43   161   122.06   0.47
M     85.24   177   116.22   0.42   169   117.55   0.39
M     89.50   178   113.01   0.42   199   114.05   0.43
M     93.97   164   109.87   0.47   215   111.69   0.38
M     98.67   193   108.33   0.40   235   108.44   0.32
M    103.60   219   106.91   0.33   258   106.65   0.29
M    108.79   280   104.68   0.32   182   105.04   0.32
M    114.22   318   103.06   0.32    79   102.64   0.55
M    119.94   353   101.89   0.28    74   102.76   0.56
M    125.93   391   101.26   0.28    56   102.19   0.68
M    132.23   423   100.90   0.27    91   100.43   0.53
M    138.84   463   100.25   0.22   151   100.01   0.40
M    145.78   521    99.94   0.24   156    99.79   0.38
M    153.07   569    99.55   0.22   128   100.57   0.45
M    160.73   626    99.95   0.23   273    99.75   0.28
M    168.76   697   100.00   0.21   338    99.60   0.31
M    177.20   732    99.62   0.18   455    99.83   0.22
M    186.06   801    99.77   0.17   560    99.72   0.21
M    195.36   928    99.60   0.17   781    99.57   0.19
M    205.13  1020    99.43   0.17   959    99.65   0.16
M    215.39  1128    99.87   0.16   795    99.66   0.16
M    226.16  1242    99.90   0.16   827    99.54   0.17
M    237.46  1370    99.58   0.16  1071   100.01   0.16
M    249.34  1483    99.70   0.15  1479    99.38   0.12
M    261.80  1583    99.95   0.15  1344    99.66   0.13
