###  1237667444585595001 0.186 30.0 99.334641
# method  r_pixel  n1 i1_cts i1_cts_err n2 i2_cts i2_cts_err
I      3.00    16  6150.15 137.67    15  4683.18  71.49
I      5.00    16  3903.98 101.90    15  3180.92  50.22
I      7.00    16  2785.55  64.79    15  2354.82  40.37
I      9.00    16  2062.69  46.01    15  1800.18  28.00
M     11.00    10  1599.29  53.34    10  1479.28  34.68
M     13.00    13  1342.27  35.36    14  1241.02  26.44
M     15.00    15  1138.80  20.37    15  1058.43  17.53
M     17.00    18   974.61  14.67    16   934.23  13.49
M     19.00    16   866.90  12.91    18   834.13   6.25
M     21.00    21   791.69  12.64    21   756.18   6.13
M     23.00    23   711.01   7.57    22   696.40   4.08
M     25.00    23   664.46   8.80    22   644.55   3.56
M     27.00    29   615.98   7.47    24   609.39   3.36
M     29.00    28   584.08   9.71    32   572.06   4.03
M     31.00    29   542.13   7.85    30   535.14   3.93
M     33.00    33   509.04   8.71    32   501.77   3.32
M     35.00    35   481.61   7.49    35   469.72   3.17
M     37.00    37   446.33   7.78    36   432.30   2.82
M     39.00    38   413.35   6.10    38   402.03   1.98
M     41.00    37   381.95   4.30    36   376.79   1.79
M     43.05    47   362.44   3.90    44   354.08   1.33
M     45.20    53   339.82   2.88    48   337.46   1.62
M     47.46    47   323.01   2.06    52   324.45   1.44
M     49.84    58   310.48   1.36    59   306.36   1.68
M     52.33    67   297.91   1.62    66   291.99   1.70
M     54.94    76   282.86   1.73    72   277.74   1.30
M     57.69    75   267.49   1.58    77   263.90   1.19
M     60.58    87   253.98   1.48    87   252.74   1.06
M     63.60    99   239.26   1.40    99   237.65   0.94
M     66.78   108   228.28   1.26   104   224.60   0.82
M     70.12   114   215.36   1.00   119   214.30   0.90
M     73.63   131   204.31   0.86   129   208.20   1.05
M     77.31   139   195.23   1.01   144   200.72   1.08
M     81.18   156   184.73   0.87   155   187.86   0.90
M     85.24   176   174.29   0.80   167   177.68   0.66
M     89.50   194   164.20   0.75   191   167.96   0.74
M     93.97   208   154.75   0.64   214   158.65   0.77
M     98.67   230   146.79   0.59   232   150.53   0.61
M    103.60   254   139.34   0.52   251   142.17   0.55
M    108.79   289   135.14   0.54   275   135.15   0.54
M    114.22   310   130.96   0.50   316   129.85   0.54
M    119.94   340   127.04   0.43   302   125.41   0.51
M    125.93   377   123.79   0.41   230   122.80   0.53
M    132.23   407   121.31   0.40   204   120.93   0.65
M    138.84   462   118.75   0.42   130   118.71   0.70
M    145.78   443   115.94   0.37    94   116.55   0.92
M    153.07   350   113.56   0.43   222   114.59   0.53
M    160.73   433   109.65   0.43   356   111.40   0.45
M    168.76   653   107.59   0.35   572   108.24   0.34
M    177.20   596   105.91   0.34   727   107.52   0.33
M    186.06   370   104.69   0.41   763   106.18   0.31
M    195.36   321   103.20   0.46   581   104.84   0.31
M    205.13   337   103.33   0.46   574   104.25   0.35
M    215.39   320   102.28   0.45   757   103.11   0.29
M    226.16   296   101.92   0.43  1175   102.66   0.24
M    237.46   284   100.61   0.52  1217   102.30   0.23
M    249.34   317   100.33   0.46   860   101.45   0.28
M    261.80   324   100.15   0.48   627   100.73   0.33
