###  1237667323797307748 0.186 30.0 99.851997
# method  r_pixel  n1 i1_cts i1_cts_err n2 i2_cts i2_cts_err
I      3.00    18   672.27   2.04    17   792.85   3.64
I      5.00    18   571.14   2.52    17   649.43   5.22
I      7.00    18   496.31   2.65    17   550.72   3.10
I      9.00    18   429.40   4.60    17   477.29   1.90
I     11.00    18   376.26   3.03    17   403.19   2.24
M     13.00    13   344.24   2.25    12   362.86   6.79
M     15.00    14   330.65   5.14    14   340.14   4.16
M     17.00    17   324.36   4.54    17   338.78   5.63
M     19.00    18   322.41   2.93    19   331.10   4.87
M     21.00    20   306.25   4.27    18   319.15   1.87
M     23.00    21   277.12   3.47    22   303.52   2.84
M     25.00    22   251.21   2.80    22   278.86   3.00
M     27.00    21   242.25   1.14    27   254.40   1.48
M     29.00    28   227.56   2.03    27   235.11   1.98
M     31.00    31   227.90   1.76    29   230.18   1.64
M     33.00    34   218.82   1.95    27   227.97   1.66
M     35.00    32   214.78   1.72    35   224.99   1.93
M     37.00    31   203.02   1.60    35   214.95   1.49
M     39.00    38   193.43   1.70    37   203.37   1.53
M     41.00    42   183.23   1.58    36   192.85   1.11
M     43.05    44   175.40   1.70    41   183.51   1.18
M     45.20    47   169.43   1.39    47   175.72   1.39
M     47.46    53   163.21   1.34    52   167.02   1.76
M     49.84    58   156.40   1.63    61   158.76   1.38
M     52.33    64   150.94   1.16    59   150.71   1.04
M     54.94    70   141.65   1.31    73   143.36   1.14
M     57.69    79   134.47   1.11    78   137.83   1.17
M     60.58    86   128.74   1.22    86   131.67   0.89
M     63.60    89   122.11   1.01    94   123.35   0.90
M     66.78    96   118.42   0.88   102   119.17   0.83
M     70.12   103   114.57   0.75   114   115.78   0.84
M     73.63   113   110.97   0.72   125   113.02   0.79
M     77.31   132   109.60   0.68   129   111.08   0.81
M     81.18   153   108.68   0.77    95   107.93   0.82
M     85.24   171   108.78   0.63    72   106.75   0.85
M     89.50   189   107.05   0.60    80   105.77   1.03
M     93.97   207   106.39   0.67   141   106.10   0.74
M     98.67   227   104.47   0.60   219   105.58   0.59
M    103.60   250   102.75   0.49   251   103.43   0.60
M    108.79   281   102.20   0.55   275   104.13   0.55
M    114.22   298   101.34   0.48   308   101.71   0.49
M    119.94   336   101.22   0.45   340   101.85   0.47
M    125.93   370   100.74   0.46   365   101.26   0.46
M    132.23   411   101.29   0.41   319   101.08   0.45
M    138.84   454    99.91   0.38   303   101.01   0.52
M    145.78   493    99.92   0.35   318   101.02   0.47
M    153.07   547    99.98   0.34   391   100.48   0.48
M    160.73   597    99.62   0.34   553    99.90   0.35
M    168.76   624    99.28   0.33   672   100.28   0.33
M    177.20   446    99.51   0.43   739    99.82   0.31
M    186.06   349    99.71   0.44   809    99.87   0.28
M    195.36   319    99.07   0.47   879    99.95   0.28
M    205.13   497    99.66   0.38   988   100.30   0.25
M    215.39  1040    99.68   0.25  1087   100.43   0.25
M    226.16  1193    99.74   0.23  1187   100.08   0.23
M    237.46  1278   100.01   0.23  1320   100.44   0.22
M    249.34  1286    99.13   0.24  1227   100.14   0.23
M    261.80  1447    99.63   0.22  1013   100.20   0.25
