###  1237665427553583111 0.186 30.0 99.622238
# method  r_pixel  n1 i1_cts i1_cts_err n2 i2_cts i2_cts_err
I      3.00    12  5678.21  24.51    11  9680.73  81.82
I      5.00    12  3417.61  12.13    11  5936.54  62.89
I      7.00    12  2179.24  17.97    11  3597.34  35.64
I      9.00    12  1550.40  19.31    11  2294.29  11.56
M     11.00    12  1155.41  41.77    11  1600.21  66.95
M     13.00    13   870.74  28.78    13  1183.15  39.10
M     15.00    16   693.44  26.42    15   905.91  28.88
M     17.00    17   561.17  15.79    16   734.75  20.53
M     19.00    19   466.18  15.42    22   596.32  19.41
M     21.00    21   402.45  13.04    21   495.13  13.90
M     23.00    23   347.04   7.96    23   425.36   9.76
M     25.00    25   316.61   8.15    25   365.89   7.81
M     27.00    28   286.37   5.62    26   327.15   8.00
M     29.00    29   267.66   4.15    29   300.26   6.31
M     31.00    32   248.59   3.48    32   274.20   5.30
M     33.00    31   237.26   2.24    33   250.52   2.90
M     35.00    35   227.24   1.95    34   236.87   2.25
M     37.00    38   219.41   1.50    38   226.92   2.21
M     39.00    39   206.75   1.69    37   215.28   1.59
M     41.00    43   200.53   1.82    44   204.85   1.35
M     43.05    42   192.22   0.88    45   196.11   1.71
M     45.20    48   186.74   0.96    50   191.16   1.25
M     47.46    55   179.76   0.94    55   185.24   0.99
M     49.84    58   175.82   0.89    60   180.65   0.86
M     52.33    70   170.87   1.13    64   174.01   1.01
M     54.94    76   165.41   0.92    78   170.20   1.12
M     57.69    82   160.74   1.06    81   165.68   0.72
M     60.58    88   155.02   0.77    91   159.50   0.87
M     63.60   100   150.84   0.65   100   153.21   0.78
M     66.78   112   146.00   0.98   104   147.28   0.62
M     70.12   109   141.74   0.77   123   141.86   0.77
M     73.63   124   136.79   0.67   133   137.34   0.71
M     77.31   149   131.49   0.73   147   132.68   0.71
M     81.18   157   127.56   0.58   169   128.01   0.64
M     85.24   181   124.75   0.47   180   123.13   0.57
M     89.50   194   120.09   0.54   198   120.02   0.52
M     93.97   214   117.56   0.45   211   116.59   0.49
M     98.67   222   114.00   0.49   118   113.28   0.58
M    103.60   228   113.08   0.47    40   110.58   1.09
M    108.79   255   109.28   0.48    46   110.22   0.86
M    114.22   287   108.00   0.42    51   109.77   1.01
M    119.94   298   106.24   0.37    93   106.93   0.70
M    125.93   383   105.44   0.39   210   105.00   0.54
M    132.23   433   103.74   0.37   273   103.04   0.45
M    138.84   469   102.80   0.33   405   102.57   0.35
M    145.78   523   101.85   0.31   524   101.71   0.34
M    153.07   575   102.03   0.30   570   101.69   0.33
M    160.73   630   101.47   0.27   638   101.03   0.32
M    168.76   696   100.56   0.27   705   100.41   0.31
M    177.20   764   100.90   0.23   764   100.69   0.28
M    186.06   855   100.40   0.23   850   100.23   0.28
M    195.36   941   100.89   0.23   932    99.57   0.27
M    205.13  1037   100.01   0.23  1037    99.90   0.26
M    215.39  1135    99.73   0.21  1154    99.74   0.25
M    226.16  1266   100.24   0.20  1214   100.05   0.23
M    237.46  1377   100.15   0.19  1151   100.14   0.26
M    249.34  1314    99.75   0.19  1477   100.11   0.22
M    261.80  1266   100.17   0.21  1374   100.50   0.23
