###  1237667444048527610 0.186 30.0 99.905624
# method  r_pixel  n1 i1_cts i1_cts_err n2 i2_cts i2_cts_err
I      3.00    16   575.83   6.42    15   666.72   8.01
I      5.00    16   419.35   4.28    15   487.68  10.09
I      7.00    16   329.21   2.11    15   370.09   7.11
I      9.00    16   252.13   3.28    15   286.16   5.84
I     11.00    16   204.33   2.50    15   232.81   2.15
M     13.00    12   180.50   2.17    13   197.53   4.86
M     15.00    15   167.63   3.30    17   174.61   3.51
M     17.00    18   156.15   2.10    16   156.90   2.22
M     19.00    17   151.62   0.85    15   152.67   1.70
M     21.00    20   145.78   2.46    22   143.00   2.00
M     23.00    22   137.35   2.18    21   137.12   1.50
M     25.00    23   136.02   1.62    23   136.48   1.03
M     27.00    30   130.63   1.16    27   132.27   1.78
M     29.00    28   125.54   1.85    29   130.01   1.52
M     31.00    29   125.07   1.53    31   126.92   1.52
M     33.00    30   121.92   1.32    32   125.01   1.64
M     35.00    34   117.62   1.26    34   122.25   1.02
M     37.00    35   115.95   1.34    36   120.55   1.18
M     39.00    40   111.15   1.09    38   116.87   1.55
M     41.00    39   113.21   1.00    40   112.56   1.14
M     43.05    45   109.66   1.03    43   111.87   1.14
M     45.20    44   107.43   0.84    50   109.84   1.19
M     47.46    51   106.10   0.86    54   107.55   1.29
M     49.84    58   104.16   1.09    58   106.08   1.08
M     52.33    70   103.02   1.02    68   103.81   0.99
M     54.94    73   103.67   0.99    75   102.47   1.12
M     57.69    78   102.65   0.97    77   103.06   1.12
M     60.58    89   102.23   0.78    89   102.59   0.65
M     63.60    93   100.71   0.83    94   101.27   0.79
M     66.78   113   101.56   0.86   107   102.12   0.82
M     70.12   120   100.72   0.89   118    99.99   0.74
M     73.63   129   100.54   0.76   130   100.49   0.79
M     77.31   142   100.14   0.59   140   100.19   0.70
M     81.18   162   100.16   0.66   160    99.10   0.58
M     85.24   174   100.66   0.61   172   100.52   0.66
M     89.50   188    99.97   0.50   193    99.86   0.65
M     93.97   215   100.12   0.56   211   100.75   0.54
M     98.67   235   100.09   0.51   228    99.45   0.50
M    103.60   253    99.75   0.51   258   100.75   0.52
M    108.79   285   100.16   0.50   290   100.43   0.49
M    114.22   308    99.25   0.43   310   100.37   0.46
M    119.94   351    99.31   0.42   344   100.20   0.41
M    125.93   376   100.03   0.41   381    99.81   0.49
M    132.23   422    98.89   0.38   422   100.13   0.36
M    138.84   463    99.88   0.40   463   100.17   0.38
M    145.78   509    99.86   0.37   508    99.76   0.34
M    153.07   566   100.11   0.37   555    99.99   0.33
M    160.73   620    99.64   0.37   624    99.62   0.34
M    168.76   676   100.32   0.33   681    99.75   0.29
M    177.20   752    99.91   0.31   751   100.18   0.28
M    186.06   825    99.93   0.30   818    99.82   0.26
M    195.36   916    99.93   0.30   923   100.41   0.27
M    205.13  1014    99.87   0.27  1021    99.88   0.27
M    215.39  1112    99.83   0.26  1117   100.54   0.24
M    226.16   960    99.79   0.29  1220    99.94   0.22
M    237.46   719    99.72   0.31  1346    99.64   0.21
M    249.34   870   100.29   0.30  1484    99.74   0.21
M    261.80   998   100.20   0.26  1635    99.87   0.20
