###  1237667324334506284 0.1861 30.0 99.834145
# method  r_pixel  n1 i1_cts i1_cts_err n2 i2_cts i2_cts_err
I      3.00    12  3112.52  33.24    11  3427.62  45.89
I      5.00    12  2006.96  35.89    11  2199.76  18.68
I      7.00    12  1350.79  19.93    11  1502.17   9.71
I      9.00    12   974.73  10.90    11  1058.92   3.19
M     11.00    11   707.93  25.95    11   810.67  21.42
M     13.00    13   547.26  13.49    15   612.76  15.24
M     15.00    15   430.07  11.45    16   481.29  12.35
M     17.00    17   354.10   9.07    18   392.31   8.69
M     19.00    19   298.88   5.75    19   325.21   5.73
M     21.00    20   258.88   4.52    19   279.73   4.72
M     23.00    22   232.95   3.66    23   248.35   3.18
M     25.00    25   210.41   4.08    25   224.34   2.43
M     27.00    27   203.74   2.74    27   210.01   2.83
M     29.00    28   186.58   2.58    28   192.31   2.22
M     31.00    31   179.57   2.27    32   183.39   2.13
M     33.00    31   169.94   2.01    31   175.91   1.48
M     35.00    36   162.87   2.20    35   168.70   1.88
M     37.00    36   158.91   1.96    38   159.65   1.62
M     39.00    38   152.15   1.59    37   153.66   1.87
M     41.00    41   150.95   1.64    42   151.00   1.20
M     43.05    45   149.12   1.48    43   146.50   1.41
M     45.20    53   143.29   1.54    50   144.32   1.24
M     47.46    55   138.82   1.00    52   138.09   1.19
M     49.84    60   135.22   1.15    63   133.20   0.83
M     52.33    70   132.66   1.05    62   129.18   0.86
M     54.94    73   127.72   0.97    78   124.31   0.88
M     57.69    82   124.30   1.15    84   120.33   0.95
M     60.58    92   121.92   0.90    88   117.23   0.90
M     63.60    98   120.35   0.89   102   115.13   0.98
M     66.78   108   117.55   0.81   111   113.99   0.81
M     70.12   124   115.44   0.85   108   111.19   0.82
M     73.63   133   112.62   0.70   115   109.29   0.71
M     77.31   148   108.83   0.63   121   107.05   0.82
M     81.18   163   106.97   0.71   155   104.98   0.66
M     85.24   174   105.08   0.65   177   105.80   0.56
M     89.50   137   103.46   0.71   196   103.17   0.55
M     93.97   171   103.44   0.62   215   102.78   0.52
M     98.67   234   102.31   0.54   240   100.85   0.47
M    103.60   257   101.92   0.47   261   101.11   0.46
M    108.79   289   100.92   0.48   291   100.43   0.48
M    114.22   323   100.21   0.43   320   100.58   0.45
M    119.94   349   100.47   0.44   358    99.87   0.47
M    125.93   393   100.58   0.43   390   100.18   0.42
M    132.23   430    99.66   0.39   425    99.85   0.37
M    138.84   468   100.05   0.36   466    99.87   0.38
M    145.78   422   100.06   0.39   517    99.81   0.35
M    153.07   477    99.58   0.37   567   100.56   0.34
M    160.73   643    99.75   0.32   637    99.81   0.32
M    168.76   705   100.06   0.31   656    99.43   0.34
M    177.20   775    99.81   0.27   608    99.95   0.35
M    186.06   857    99.33   0.28   569    99.38   0.37
M    195.36   925    99.54   0.26   592   100.19   0.36
M    205.13  1031    99.64   0.24   687    99.30   0.35
M    215.39  1134    99.49   0.23   886    99.94   0.28
M    226.16  1251    99.68   0.23  1147    99.89   0.27
M    237.46  1386    99.77   0.22  1249    99.92   0.25
M    249.34  1515    99.91   0.21  1490    99.94   0.23
M    261.80  1617    99.84   0.20  1679    99.81   0.22
