###  1237667444585595093 0.186 30.0 99.621277
# method  r_pixel  n1 i1_cts i1_cts_err n2 i2_cts i2_cts_err
I      3.00    16  6338.36  69.57    15  8263.72 120.39
I      5.00    16  4153.42  47.35    15  5271.97  80.37
I      7.00    16  2842.05  36.96    15  3621.70  36.37
I      9.00    16  2032.16  31.95    15  2530.93  30.06
I     11.00    16  1507.36  22.55    15  1839.93  25.81
M     13.00    14  1201.81  31.08    13  1392.40  43.74
M     15.00    16   934.45  35.77    14  1060.97  26.48
M     17.00    16   765.98  14.19    18   859.35  15.46
M     19.00    21   644.46  10.47    19   710.88   9.74
M     21.00    21   572.96   9.17    18   622.51   6.91
M     23.00    20   520.01   5.29    22   560.03   6.46
M     25.00    23   473.42   2.59    23   507.66   4.03
M     27.00    26   446.43   3.34    25   475.74   3.16
M     29.00    26   428.05   4.63    31   446.90   2.99
M     31.00    32   409.13   2.59    30   422.69   2.36
M     33.00    36   388.81   3.02    31   402.80   2.14
M     35.00    33   373.26   2.75    35   390.64   2.98
M     37.00    36   363.62   1.89    37   374.35   2.20
M     39.00    40   349.66   2.56    35   361.38   1.59
M     41.00    40   341.64   1.99    38   351.72   1.67
M     43.05    43   330.43   1.87    45   339.71   1.32
M     45.20    47   318.82   1.94    47   332.92   1.90
M     47.46    53   307.61   1.97    58   323.02   1.57
M     49.84    60   294.57   1.59    56   307.37   1.45
M     52.33    66   281.06   1.64    66   294.73   1.25
M     54.94    70   266.45   1.51    71   278.66   1.27
M     57.69    81   252.20   1.06    78   261.38   1.29
M     60.58    85   235.68   0.97    88   249.52   1.40
M     63.60    97   222.79   1.09    99   231.84   1.30
M     66.78   109   209.95   1.11   105   218.07   1.14
M     70.12   118   199.50   0.79   115   204.61   0.98
M     73.63   126   189.81   0.78   132   193.36   0.97
M     77.31   145   180.27   0.71   139   183.26   0.90
M     81.18   157   172.80   0.70   162   172.00   0.86
M     85.24   172   165.50   0.67   175   163.45   0.82
M     89.50   193   158.33   0.66   190   156.25   0.70
M     93.97   211   148.55   0.62   213   148.23   0.64
M     98.67   223   141.82   0.46   228   141.38   0.55
M    103.60   260   135.48   0.53   250   134.27   0.48
M    108.79   285   128.74   0.52   286   129.10   0.49
M    114.22   314   123.87   0.49   307   122.81   0.48
M    119.94   346   119.61   0.47   343   118.24   0.43
M    125.93   339   115.88   0.44   321   113.90   0.44
M    132.23   241   114.03   0.56   303   111.95   0.43
M    138.84   224   110.81   0.59   281   109.75   0.45
M    145.78   294   108.25   0.49   381   107.64   0.40
M    153.07   373   106.82   0.45   509   106.96   0.35
M    160.73   499   104.54   0.38   616   105.54   0.32
M    168.76   681   102.74   0.29   681   103.76   0.31
M    177.20   743   102.05   0.29   754   102.67   0.28
M    186.06   645   102.16   0.33   826   101.32   0.27
M    195.36   638   100.74   0.30   807   101.46   0.24
M    205.13   661   100.65   0.32   775   100.89   0.26
M    215.39   823   100.25   0.28   867   100.71   0.26
M    226.16   896    99.87   0.25  1133   100.09   0.22
M    237.46  1167    99.48   0.22  1133    99.74   0.23
M    249.34  1482    99.61   0.20  1265    99.56   0.21
M    261.80  1646    99.70   0.18  1640    99.78   0.19
