###  1237667442974851236 0.1859 30.0 99.981349738
# method  r_pixel  n1 i1_cts i1_cts_err n2 i2_cts i2_cts_err
I      3.00    12   155.11   1.23    11   141.44   0.21
I      5.00    12   145.65   3.34    11   139.40   1.12
I      7.00    12   143.13   2.29    11   130.19   1.88
I      9.00    12   140.26   1.17    11   130.33   1.54
M     11.00    11   132.23   0.90    12   127.35   1.54
M     13.00    11   134.87   0.93    13   126.00   1.58
M     15.00    14   127.43   1.48    14   126.98   0.75
M     17.00    16   128.40   1.73    15   126.41   1.35
M     19.00    21   126.32   1.28    20   127.57   2.35
M     21.00    22   124.16   1.42    20   120.91   1.35
M     23.00    20   121.15   0.73    24   120.31   1.32
M     25.00    25   121.89   1.11    25   122.68   1.81
M     27.00    24   119.46   0.85    26   119.24   1.41
M     29.00    32   118.98   0.88    31   117.19   1.72
M     31.00    31   117.11   1.22    30   116.66   1.36
M     33.00    35   113.26   1.13    35   117.75   2.34
M     35.00    32   110.52   0.87    36   116.75   1.96
M     37.00    39   108.69   0.88    38   112.72   2.04
M     39.00    24   109.42   1.04    40   108.51   1.59
M     41.00    14   108.10   1.69    42   104.98   0.70
M     43.05    12   109.12   0.75    48   102.54   0.59
M     45.20    13   106.51   1.11    49   103.63   0.65
M     47.46    14   107.76   1.57    54   101.93   0.73
M     49.84    15   108.32   2.20    60   101.06   0.79
M     52.33    21   103.91   1.26    71   101.63   0.74
M     54.94    23   103.94   1.11    77   101.63   0.67
M     57.69    30   103.03   0.72    81   101.37   0.53
M     60.58    40   101.36   0.87    92   101.69   0.63
M     63.60    52   100.92   0.83   101   101.33   0.49
M     66.78    66   101.43   0.58   107   101.16   0.50
M     70.12    88   100.08   0.44   124   101.36   0.46
M     73.63   118    99.58   0.50   135   102.40   0.44
M     77.31    93   100.00   0.54   144   101.41   0.41
M     81.18    81    98.81   0.49   167   100.93   0.44
M     85.24    56    98.60   0.69   178    99.89   0.38
M     89.50    78    98.97   0.63   201   100.16   0.35
M     93.97    99    99.43   0.56   217    99.28   0.33
M     98.67   115    99.27   0.45   241   100.15   0.32
M    103.60   146   100.12   0.41   268   100.49   0.33
M    108.79   184    99.43   0.38   293   100.48   0.28
M    114.22   216    99.66   0.33   328   100.37   0.30
M    119.94   196    99.79   0.38   357   100.13   0.29
M    125.93   176    99.68   0.38   382   100.26   0.25
M    132.23   172    99.69   0.39   438    99.86   0.25
M    138.84   187    99.76   0.37   474   100.12   0.22
M    145.78   224    99.36   0.32   517    99.81   0.22
M    153.07   318    99.37   0.28   542    99.37   0.22
M    160.73   486    99.60   0.24   589    99.58   0.21
M    168.76   539    99.86   0.24   645    99.79   0.20
M    177.20   623    99.85   0.21   695    99.65   0.19
M    186.06   686    99.35   0.22   688    99.45   0.18
M    195.36   696    99.68   0.21   741   100.08   0.18
M    205.13   632   100.04   0.24   858    99.76   0.17
M    215.39   446    99.97   0.28  1033    99.80   0.15
M    226.16   518    99.78   0.28  1152    99.70   0.15
M    237.46   609    99.65   0.24  1257    99.99   0.14
M    249.34   880   100.01   0.19  1405    99.89   0.13
M    261.80  1481   100.49   0.16  1479    99.86   0.13
