###  1237667444048789588 0.1859 30.0 99.53289
# method  r_pixel  n1 i1_cts i1_cts_err n2 i2_cts i2_cts_err
I      3.00    12  2585.20  14.44    11  8435.04 332.07
I      5.00    12  1814.00   8.83    11  6368.86 314.24
I      7.00    12  1368.74   4.55    11  3721.61 141.96
M      9.00    10  1142.97  25.66    10  2439.14 165.55
M     11.00    11  1009.07  11.25    12  1795.59  69.53
M     13.00    13   921.81  12.39    12  1448.05  40.40
M     15.00    14   827.30  11.97    17  1187.48  31.30
M     17.00    17   754.21   9.83    16   991.11  25.68
M     19.00    21   676.37  11.86    21   836.67  25.53
M     21.00    22   612.07  13.84    21   699.75  18.07
M     23.00    24   564.75  12.35    23   599.42  10.17
M     25.00    22   529.70   9.06    26   542.50   7.28
M     27.00    30   514.96  10.84    25   521.52   8.56
M     29.00    30   510.29   9.39    30   498.15   8.36
M     31.00    32   519.41  10.36    31   465.55   8.38
M     33.00    35   532.22   9.68    37   447.29  10.63
M     35.00    33   535.74   6.90    36   449.90  11.99
M     37.00    38   524.29   7.15    39   437.29  11.23
M     39.00    40   501.23   6.88    37   429.51  12.85
M     41.00    42   474.90   3.59    42   428.73   7.21
M     43.05    45   460.36   4.85    48   432.02   6.05
M     45.20    52   440.43   5.24    50   436.32   8.30
M     47.46    52   424.59   5.50    57   424.52   9.26
M     49.84    65   404.07   4.30    64   405.26   6.05
M     52.33    61   383.28   3.77    61   394.75   2.14
M     54.94    78   363.98   2.41    74   376.51   1.75
M     57.69    81   356.90   2.32    82   355.60   2.20
M     60.58    91   364.07   3.08    92   338.37   2.90
M     63.60    98   393.02   4.39   100   314.84   2.07
M     66.78   107   418.91   3.37   108   312.96   1.77
M     70.12   126   392.58   3.38   122   309.41   2.01
M     73.63   134   317.00   3.89   137   295.15   2.03
M     77.31   143   251.83   1.89   150   276.15   1.84
M     81.18   168   216.61   1.45   164   265.34   1.83
M     85.24   179   193.10   1.05   184   250.27   1.66
M     89.50   200   179.49   1.04   202   230.25   1.69
M     93.97   219   168.67   0.83   217   208.04   1.23
M     98.67   241   161.18   0.92   236   194.63   1.11
M    103.60   263   157.26   0.68   267   183.51   0.82
M    108.79   298   150.60   0.77   295   174.33   0.86
M    114.22   320   146.27   0.59   323   164.89   0.91
M    119.94   350   141.79   0.62   354   153.31   0.84
M    125.93   307   136.66   0.66   395   143.93   0.67
M    132.23   304   132.43   0.65   413   135.23   0.61
M    138.84   345   128.59   0.66   350   129.19   0.68
M    145.78   411   124.88   0.51   419   124.93   0.62
M    153.07   504   121.92   0.46   493   120.40   0.49
M    160.73   598   117.67   0.43   599   116.77   0.47
M    168.76   623   113.38   0.36   711   114.26   0.42
M    177.20   775   109.59   0.34   776   112.95   0.39
M    186.06   846   106.16   0.30   846   111.35   0.35
M    195.36   952   104.79   0.29   908   108.58   0.34
M    205.13  1045   104.50   0.27  1011   106.89   0.34
M    215.39  1140   104.59   0.25  1159   105.79   0.31
M    226.16  1263   105.48   0.23  1260   105.31   0.29
M    237.46  1394   105.67   0.22  1392   105.73   0.26
M    249.34  1542   104.68   0.21  1031   104.92   0.30
M    261.80  1689   103.64   0.21   916   103.48   0.31
