###  1237667442974326814 0.1859 30.0 99.589622
# method  r_pixel  n1 i1_cts i1_cts_err n2 i2_cts i2_cts_err
I      3.00    12  9512.45 371.76    11  4390.21  76.58
I      5.00    12  5513.85 193.73    11  2679.44  45.49
I      7.00    12  3274.49 101.77    11  1866.40  11.62
I      9.00    12  2048.98  58.80    11  1428.42   4.97
M     11.00    11  1506.38  32.79    11  1104.00  26.08
M     13.00    14  1193.71  41.75    13   885.26  22.68
M     15.00    15   935.86  29.54    16   721.85  14.72
M     17.00    17   760.16  20.44    16   607.70  10.97
M     19.00    20   630.24  11.61    21   518.83   6.90
M     21.00    22   537.38   8.93    21   464.86   5.81
M     23.00    21   471.51   5.37    22   421.12   3.29
M     25.00    26   425.59   8.17    27   394.52   3.35
M     27.00    28   387.46   4.83    25   357.10   2.25
M     29.00    27   356.43   3.32    29   327.69   2.56
M     31.00    34   326.86   3.92    34   301.82   2.37
M     33.00    33   299.41   2.89    32   284.67   2.20
M     35.00    35   282.68   2.98    36   267.96   2.15
M     37.00    35   264.97   1.74    37   254.29   1.39
M     39.00    40   250.29   1.93    37   245.11   1.78
M     41.00    35   240.68   1.25    42   238.87   1.15
M     43.05    46   227.78   1.79    46   230.58   1.35
M     45.20    50   221.84   1.77    46   228.09   1.41
M     47.46    56   213.94   1.26    57   222.65   1.10
M     49.84    62   203.49   1.49    63   216.77   1.01
M     52.33    69   197.59   1.22    67   211.80   1.10
M     54.94    75   190.61   1.32    74   210.30   1.11
M     57.69    82   184.41   0.99    82   206.50   0.83
M     60.58    90   180.24   0.96    96   203.01   1.00
M     63.60   100   175.65   0.88    99   196.68   0.80
M     66.78   111   174.13   0.88   107   193.41   0.74
M     70.12   119   170.21   0.78   118   188.32   0.74
M     73.63   130   166.54   0.64   133   182.66   0.73
M     77.31   147   162.69   0.64   152   178.27   0.59
M     81.18   161   157.14   0.79   158   174.02   0.67
M     85.24   174   153.65   0.67   181   168.50   0.69
M     89.50   202   150.45   0.62   194   160.63   0.52
M     93.97   215   143.00   0.73   223   153.65   0.56
M     98.67   240   138.01   0.63   245   144.87   0.55
M    103.60   243   129.03   0.67   259   136.53   0.43
M    108.79   235   123.27   0.62   290   129.47   0.44
M    114.22   230   119.04   0.70   317   123.08   0.42
M    119.94   228   112.99   0.63   362   118.23   0.39
M    125.93   252   106.96   0.62   353   114.29   0.41
M    132.23   323   102.47   0.53   335   111.91   0.39
M    138.84   387   100.77   0.51   343   109.51   0.38
M    145.78   382    99.32   0.49   310   107.84   0.37
M    153.07   348    98.44   0.50   410   106.21   0.33
M    160.73   227    97.59   0.65   479   105.45   0.29
M    168.76   188    97.72   0.78   663   103.72   0.23
M    177.20   165    97.22   0.74   775   103.11   0.22
M    186.06   193    98.31   0.71   851   102.13   0.21
M    195.36   221    98.78   0.67   946   101.58   0.19
M    205.13   195    97.46   0.62  1034   100.71   0.18
M    215.39   161    98.41   0.89   966   100.59   0.19
