###  1237667323797307493 0.186 30.0 99.055748
# method  r_pixel  n1 i1_cts i1_cts_err n2 i2_cts i2_cts_err
I      3.00    14  6308.32 108.34    13  3184.43  21.70
I      5.00    14  4199.51  73.22    13  2159.54  14.85
I      7.00    14  2677.24  50.40    13  1573.05   8.99
I      9.00    14  1835.15  30.69    13  1215.42   8.99
M     11.00    12  1362.99  48.14    10   972.61  32.45
M     13.00    12  1046.58  21.93    13   797.95  16.56
M     15.00    16   851.44  20.45    17   663.53  10.03
M     17.00    15   712.17  17.64    16   553.66   7.49
M     19.00    21   593.43  14.39    19   495.19   4.95
M     21.00    22   504.16   9.31    20   436.01   4.88
M     23.00    22   439.64   5.84    21   391.40   4.38
M     25.00    26   397.36   3.48    28   358.15   3.14
M     27.00    22   367.18   2.54    27   327.63   2.09
M     29.00    30   335.45   2.89    30   308.23   2.58
M     31.00    33   314.25   3.29    27   287.19   2.18
M     33.00    33   295.94   2.31    27   272.11   2.12
M     35.00    35   282.83   1.96    18   261.33   1.19
M     37.00    34   269.74   1.63    14   254.37   1.88
I     39.00    14   252.55   3.11    13   237.20   2.37
I     41.00    14   243.96   1.64    13   226.43   1.36
I     43.05    14   235.94   2.29    13   216.93   1.96
I     45.20    14   222.04   1.43    13   210.22   1.23
I     47.46    14   210.67   1.72    13   204.47   1.01
I     49.84    14   200.99   2.60    13   196.64   2.04
I     52.33    14   193.57   1.41    13   190.86   1.74
I     54.94    14   190.52   2.85    13   180.27   2.25
I     57.69    14   181.28   2.27    13   177.06   2.22
I     60.58    14   179.00   1.63    13   171.92   1.77
I     63.60    14   171.30   1.74    13   167.06   2.50
I     66.78    14   164.76   2.51    13   157.63   1.79
I     70.12    14   159.41   1.40    13   156.51   1.87
I     73.63    14   153.37   1.81    13   148.87   1.95
I     77.31    14   149.20   1.88    13   146.07   1.88
I     81.18    14   142.94   3.21    13   144.47   1.49
I     85.24    14   139.30   1.54    13   145.52   1.37
I     89.50    14   135.77   2.06    13   145.82   1.45
I     93.97    14   137.81   2.27    13   143.07   1.07
I     98.67    14   133.67   2.33    13   141.10   2.32
I    103.60    14   139.76   2.07    13   139.62   3.22
I    108.79    14   130.98   1.44    13   131.59   1.88
I    114.22    14   130.26   1.23    13   126.69   2.01
I    119.94    14   126.32   2.23    13   118.12   1.69
I    125.93    14   122.43   2.70    13   116.96   2.06
I    132.23    14   124.72   1.33    13   113.87   1.92
I    138.84    14   119.77   2.44    13   108.79   2.51
I    145.78    14   114.46   1.13    13   108.26   1.37
I    153.07    14   107.62   2.01    13   107.37   1.38
I    160.73    14   106.39   1.17    13   109.74   1.54
I    168.76    14   103.10   1.34    13   105.09   1.39
I    177.20    14   106.49   1.59    13   103.64   1.69
I    186.06    14   104.61   0.91    13   104.76   1.15
I    195.36    14   103.07   1.36    13   101.70   1.67
I    205.13    14   102.99   1.69    13   104.44   1.72
I    215.39    14   102.21   2.33    13   102.14   1.74
I    226.16    14   101.27   1.74    13   103.28   1.43
I    237.46    14   103.50   1.79    13   102.78   1.66
I    249.34    14   101.06   2.59    13   102.17   1.38
I    261.80    14   103.37   2.50    13   102.04   1.13
