###  1237667443511787541 0.186 30.0 99.720573
# method  r_pixel  n1 i1_cts i1_cts_err n2 i2_cts i2_cts_err
I      3.00    12  6495.07 125.68    11  7807.83 179.62
I      5.00    12  3637.59  59.45    11  4491.11 121.33
I      7.00    12  2264.79  40.59    11  2730.73  54.48
I      9.00    12  1550.77  18.76    11  1805.06  34.94
M     11.00    11  1124.72  40.75    11  1289.26  49.71
M     13.00    13   857.07  23.35    14   943.16  29.99
M     15.00    16   670.42  16.14    12   727.64  14.28
M     17.00    16   556.87   9.31    18   602.82  11.39
M     19.00    18   496.65   4.77    20   514.87   9.75
M     21.00    21   447.87   4.30    20   463.36   8.26
M     23.00    23   411.64   2.21    24   424.30   6.42
M     25.00    25   379.04   3.12    24   384.41   7.19
M     27.00    28   343.02   4.28    28   356.66   8.38
M     29.00    30   309.76   2.97    30   320.50   5.87
M     31.00    28   272.58   2.60    30   287.28   5.03
M     33.00    35   247.93   2.29    36   256.94   3.18
M     35.00    33   231.98   0.74    35   238.23   2.29
M     37.00    38   219.04   1.38    38   221.80   1.66
M     39.00    41   207.02   1.60    39   212.88   1.48
M     41.00    38   197.56   1.18    43   204.70   1.51
M     43.05    43   191.93   1.08    45   193.23   1.07
M     45.20    52   183.32   0.98    51   186.49   0.88
M     47.46    57   177.06   1.06    55   180.39   0.70
M     49.84    58   172.02   0.70    61   174.84   0.91
M     52.33    72   168.19   0.81    69   169.06   0.77
M     54.94    76   160.37   0.84    72   163.65   0.66
M     57.69    81   155.70   0.80    85   157.71   0.66
M     60.58    89   149.59   0.56    91   151.94   0.73
M     63.60    99   143.72   0.61   102   146.55   0.54
M     66.78   113   138.45   0.51   105   141.38   0.50
M     70.12   121   133.88   0.56   123   137.13   0.50
M     73.63   136   130.31   0.45   130   132.75   0.40
M     77.31   149   126.99   0.54   151   128.16   0.47
M     81.18   166   124.07   0.49   165   125.29   0.46
M     85.24   178   120.55   0.38   170   121.68   0.34
M     89.50   198   117.40   0.39   189   120.92   0.53
M     93.97   221   114.59   0.38   203   116.99   0.48
M     98.67   225   112.14   0.38   222   113.88   0.38
M    103.60   210   110.00   0.33   167   112.26   0.47
M    108.79   221   107.72   0.34   118   108.93   0.46
M    114.22   254   105.78   0.33   104   107.41   0.56
M    119.94   315   104.56   0.26   312   105.10   0.28
M    125.93   386   104.12   0.25   394   103.18   0.25
M    132.23   419   103.16   0.21   434   102.60   0.25
M    138.84   336   102.46   0.25   454   101.12   0.22
M    145.78   304   101.25   0.25   492   101.02   0.23
M    153.07   324   101.14   0.27   575   100.94   0.23
M    160.73   277   100.27   0.30   600   100.77   0.23
M    168.76   292   100.73   0.27   621   100.35   0.20
M    177.20   578   100.80   0.20   652   100.15   0.19
M    186.06   852   100.36   0.17   733    99.98   0.18
M    195.36   942   100.34   0.16   855    99.79   0.18
M    205.13   834    99.94   0.18  1032    99.74   0.16
M    215.39   935    99.86   0.16  1147    99.85   0.16
M    226.16  1264   100.14   0.15  1257    99.52   0.14
M    237.46  1401    99.80   0.14  1006    99.85   0.17
M    249.34  1158    99.62   0.15   842    99.68   0.18
M    261.80  1058    99.49   0.16   787    99.60   0.18
