###  1237667324334571840 0.186 30.0 99.655144
# method  r_pixel  n1 i1_cts i1_cts_err n2 i2_cts i2_cts_err
I      3.00    10   503.11   0.60     9   516.42   7.14
I      5.00    10   388.03   3.45     9   397.98   6.78
I      7.00    10   323.52   3.40     9   330.59   0.76
I      9.00    10   280.23   1.49     9   284.46   1.96
M     11.00    10   256.62   3.90    11   252.86   4.32
M     13.00    14   230.74   2.99    12   228.07   1.92
M     15.00    16   215.10   3.13    17   210.05   2.89
M     17.00    18   197.46   2.39    16   197.59   2.28
M     19.00    20   187.24   3.54    18   188.53   0.89
M     21.00    22   180.89   2.72    20   178.16   1.72
M     23.00    22   166.70   2.00    22   172.36   1.84
M     25.00    26   166.32   1.08    27   165.19   1.93
M     27.00    27   157.29   1.67    30   158.22   1.96
M     29.00    31   147.89   1.30    30   149.62   1.43
M     31.00    32   141.95   1.42    32   142.58   1.82
M     33.00    32   138.05   1.07    34   141.20   1.50
M     35.00    36   133.14   1.08    35   133.46   1.81
M     37.00    37   131.94   1.31    37   130.64   1.22
M     39.00    39   127.58   1.08    41   127.05   1.17
M     41.00    41   122.86   1.52    43   124.10   1.46
M     43.05    45   119.48   1.15    46   120.16   1.13
M     45.20    45   117.95   0.98    51   117.09   1.34
M     47.46    61   112.18   1.12    54   114.44   1.00
M     49.84    60   110.82   1.26    65   113.16   1.15
M     52.33    70   110.98   0.87    67   112.12   0.76
M     54.94    72   107.95   1.03    83   110.17   1.02
M     57.69    84   106.62   1.03    79   107.69   0.93
M     60.58    92   106.74   0.86    92   107.32   0.87
M     63.60   101   105.20   0.83   102   106.37   0.75
M     66.78   109   104.07   0.69   109   104.66   0.58
M     70.12   126   104.60   0.82   116   103.19   0.74
M     73.63   131   103.90   0.74   139   102.11   0.60
M     77.31   154   102.77   0.66   154   103.03   0.62
M     81.18   163   102.63   0.57   166   102.05   0.59
M     85.24   181   101.84   0.65   179   102.78   0.62
M     89.50   203   101.17   0.64   202   101.36   0.60
M     93.97   223   101.23   0.54   225   101.22   0.54
M     98.67   247   100.50   0.54   244   100.73   0.57
M    103.60   268   100.76   0.54   270   101.03   0.46
M    108.79   291   100.77   0.42   290   100.27   0.44
M    114.22   332   100.02   0.45   329    99.26   0.48
M    119.94   356    99.95   0.44   366    99.83   0.46
M    125.93   399   100.08   0.41   349    99.71   0.48
M    132.23   437    99.53   0.39   324    99.27   0.45
M    138.84   486   100.22   0.36   319    99.53   0.46
M    145.78   527   100.46   0.33   347    98.95   0.45
M    153.07   588   100.29   0.34   400    99.34   0.41
M    160.73   645    99.75   0.32   476   100.11   0.38
M    168.76   718    99.90   0.33   623    99.68   0.32
M    177.20   787    99.44   0.29   793    99.60   0.29
M    186.06   857    99.24   0.27   866   100.39   0.28
M    195.36   959    99.92   0.28   940   100.34   0.26
M    205.13  1038    99.70   0.24   964   100.84   0.25
M    215.39  1158    99.36   0.25  1047   101.32   0.26
M    226.16  1285    99.70   0.23  1263   100.49   0.22
M    237.46  1411    99.94   0.23  1370   100.23   0.23
M    249.34  1553    99.43   0.21  1518    99.44   0.22
M    261.80  1720    99.58   0.20  1729   100.17   0.21
