###  1237665440978501687 0.186 30.0 99.850014
# method  r_pixel  n1 i1_cts i1_cts_err n2 i2_cts i2_cts_err
I      3.00    10  1416.77  60.82     9  1559.46  47.68
I      5.00    10   847.58  34.78     9   889.18  23.27
I      7.00    10   546.92  16.93     9   582.94  11.49
I      9.00    10   397.15  11.35     9   413.44   4.42
M     11.00    10   319.43   6.19    11   328.05   6.53
M     13.00    13   276.89   5.11    11   276.99   3.53
M     15.00    16   243.14   2.33    15   246.18   1.83
M     17.00    19   223.33   3.19    18   222.54   3.22
M     19.00    20   205.47   1.47    19   206.07   1.45
M     21.00    20   191.45   1.60    23   197.55   1.43
M     23.00    25   180.54   1.80    23   183.49   1.84
M     25.00    26   172.73   1.95    24   173.38   1.27
M     27.00    25   166.97   1.02    28   165.24   1.58
M     29.00    29   159.22   1.46    31   159.08   1.52
M     31.00    33   151.17   1.38    32   153.20   1.35
M     33.00    32   146.75   1.24    34   148.50   1.49
M     35.00    36   141.35   1.23    37   143.34   0.92
M     37.00    38   136.94   0.91    36   137.60   0.87
M     39.00    40   133.14   1.20    41   135.16   1.15
M     41.00    40   131.08   0.97    41   131.93   1.11
M     43.05    47   128.91   1.22    44   127.91   0.95
M     45.20    50   124.66   1.07    47   125.51   0.91
M     47.46    54   122.34   0.84    61   123.44   0.89
M     49.84    63   120.69   0.66    62   120.19   0.88
M     52.33    65   118.82   1.04    68   117.19   0.82
M     54.94    79   115.70   1.01    68   116.79   0.58
M     57.69    84   113.22   0.68    84   114.44   0.75
M     60.58    88   111.86   0.72    81   114.11   0.78
M     63.60    75   111.41   0.86    80   112.07   0.76
M     66.78    62   109.40   0.66    81   110.17   0.86
M     70.12    70   107.43   0.74   106   107.38   0.71
M     73.63    79   107.34   0.77   123   106.13   0.50
M     77.31   131   106.29   0.59   154   106.64   0.58
M     81.18   159   105.93   0.53   111   106.16   0.66
M     85.24   178   104.55   0.45    86   103.90   0.79
M     89.50   195   103.88   0.52    84   102.14   0.75
M     93.97   186   102.65   0.52    89   102.64   1.10
M     98.67   178   102.68   0.55    97   101.33   0.82
M    103.60   204   101.38   0.54   116   101.36   0.70
M    108.79   285   100.75   0.43   136   101.91   0.58
M    114.22   328    99.94   0.38   177   100.86   0.59
M    119.94   358   100.10   0.36   219   100.25   0.47
M    125.93   398   100.43   0.35   265   100.83   0.45
M    132.23   427   100.46   0.31   254   100.53   0.46
M    138.84   485    99.92   0.33   248   100.68   0.43
M    145.78   527    99.86   0.29   331   100.88   0.39
M    153.07   578    99.66   0.28   563    99.51   0.27
M    160.73   645    99.60   0.28   623    99.84   0.27
M    168.76   716    99.98   0.28   703    99.99   0.24
M    177.20   774    99.29   0.22   774    99.83   0.24
M    186.06   862    99.76   0.24   866    99.93   0.22
M    195.36   912    99.11   0.22   959    99.59   0.21
M    205.13   818    99.27   0.23  1035    99.83   0.22
M    215.39  1095    99.81   0.19   926   100.11   0.23
M    226.16  1275    99.88   0.19   843    99.67   0.22
M    237.46  1406    99.71   0.18  1107    99.59   0.20
M    249.34  1157    99.59   0.20  1413    99.24   0.18
M    261.80  1092   100.15   0.21  1590    99.79   0.18
