###  1237665440979157097 0.186 30.0 99.815933
# method  r_pixel  n1 i1_cts i1_cts_err n2 i2_cts i2_cts_err
I      3.00    12  3156.14  20.09    11  6430.14  46.15
I      5.00    12  1757.84  23.69    11  3367.41  22.47
I      7.00    12  1162.96  16.49    11  1901.28   4.44
I      9.00    12   843.24   7.72    11  1228.77  12.20
M     11.00    11   689.53  12.76    11   892.54  24.16
M     13.00    13   572.28   9.44    15   702.06  13.46
M     15.00    16   499.11   7.10    15   578.40   8.03
M     17.00    15   443.97   4.51    17   496.09   5.36
M     19.00    21   392.38   4.45    18   439.16   5.14
M     21.00    22   352.98   2.74    22   392.41   4.57
M     23.00    23   322.82   3.17    25   346.50   3.98
M     25.00    24   294.67   1.75    24   316.31   2.61
M     27.00    26   270.17   2.77    28   291.00   2.13
M     29.00    33   256.06   2.11    27   268.13   2.01
M     31.00    31   236.81   1.62    32   249.98   1.40
M     33.00    32   220.34   1.63    35   231.45   1.69
M     35.00    37   208.81   1.76    35   216.77   1.91
M     37.00    36   195.08   1.46    39   203.89   1.44
M     39.00    40   182.49   1.36    38   191.73   1.68
M     41.00    42   169.93   1.12    44   179.27   1.20
M     43.05    46   158.35   1.00    45   168.56   1.31
M     45.20    45   151.12   0.94    52   157.38   1.40
M     47.46    57   142.96   0.95    53   149.31   0.97
M     49.84    64   135.38   1.08    62   139.64   0.99
M     52.33    66   131.17   1.06    66   133.41   0.89
M     54.94    71   126.95   0.61    79   128.61   0.75
M     57.69    87   121.49   0.76    80   124.50   0.91
M     60.58    92   118.98   0.86    89   119.88   0.70
M     63.60   100   115.55   0.78    98   117.71   0.65
M     66.78   106   111.58   0.58   113   112.98   0.76
M     70.12   120   111.29   0.70   117   113.10   0.53
M     73.63    98   108.41   0.59   138   110.36   0.67
M     77.31   118   106.68   0.52   148   109.97   0.60
M     81.18   148   106.26   0.52   159   106.06   0.53
M     85.24   180   104.74   0.43   176   106.04   0.44
M     89.50   196   104.30   0.44   200   104.81   0.52
M     93.97   225   103.32   0.51   221   103.72   0.51
M     98.67   245   102.36   0.44   238   103.83   0.52
M    103.60   266   102.29   0.41   265   102.64   0.44
M    108.79   294   102.17   0.38   301   103.33   0.38
M    114.22   325   101.23   0.35   318   101.62   0.44
M    119.94   355   100.97   0.36   360   101.79   0.37
M    125.93   403   100.85   0.38   387   101.65   0.35
M    132.23   431   100.73   0.33   360   101.06   0.43
M    138.84   476   100.17   0.31   378   100.74   0.38
M    145.78   535    99.75   0.31   447   100.82   0.36
M    153.07   575   100.24   0.28   575   100.55   0.29
M    160.73   644    99.63   0.30   643   100.25   0.30
M    168.76   711   100.11   0.29   711    99.94   0.27
M    177.20   784   100.03   0.23   779   100.14   0.26
M    186.06   860    99.96   0.24   834   100.18   0.26
M    195.36   927    99.54   0.22   826   100.21   0.25
M    205.13   928    99.75   0.23   923   100.11   0.24
M    215.39   983    99.78   0.22  1065    99.67   0.22
M    226.16  1051    99.98   0.21  1267    99.71   0.19
M    237.46  1111   100.21   0.21  1409   100.04   0.19
M    249.34  1329    99.99   0.19  1539   100.06   0.18
M    261.80  1640    99.97   0.17  1696   100.01   0.18
