###  1237667444585201733 0.186 30.0 99.765091
# method  r_pixel  n1 i1_cts i1_cts_err n2 i2_cts i2_cts_err
I      3.00    12  1261.24  13.07    11  1241.37  13.63
I      5.00    12   890.08  11.86    11   863.19   8.86
I      7.00    12   644.40   5.73    11   655.55   6.30
I      9.00    12   514.77   7.67    11   503.00   3.87
M     11.00    13   411.66   7.70    13   405.86  10.94
M     13.00    12   349.22   6.43    10   340.19   4.40
M     15.00    15   310.85   3.60    16   310.15   4.83
M     17.00    17   287.95   3.55    16   282.60   3.26
M     19.00    20   265.90   3.51    17   265.73   1.31
M     21.00    22   248.99   2.38    19   252.19   1.10
M     23.00    22   240.12   2.26    25   238.84   1.49
M     25.00    26   224.79   1.56    21   225.90   1.29
M     27.00    30   210.29   1.99    28   212.21   1.41
M     29.00    30   200.07   1.34    29   198.51   1.86
M     31.00    30   189.69   1.54    33   190.46   1.49
M     33.00    37   179.52   1.37    29   180.23   1.09
M     35.00    36   170.26   1.38    34   167.49   1.30
M     37.00    37   161.83   0.90    39   163.01   1.48
M     39.00    39   152.39   1.10    40   153.45   1.20
M     41.00    43   149.13   1.12    43   149.60   1.49
M     43.05    46   142.19   1.14    46   143.45   1.42
M     45.20    52   137.68   1.37    49   137.59   0.98
M     47.46    54   131.65   1.24    56   132.15   0.86
M     49.84    66   126.46   0.92    62   127.53   0.84
M     52.33    66   122.00   0.75    66   123.41   0.98
M     54.94    77   117.65   0.73    78   119.94   0.81
M     57.69    79   115.01   0.65    79   117.36   1.03
M     60.58    72   113.10   0.80    66   111.40   1.00
M     63.60    65   109.66   0.79    57   108.97   0.85
M     66.78    64   108.67   1.12    53   106.79   0.97
M     70.12    65   105.10   0.83    64   106.81   0.90
M     73.63    67   104.33   1.00    74   103.25   0.60
M     77.31    78   104.11   0.79   139   103.97   0.72
M     81.18    90   101.33   0.69   161   102.98   0.50
M     85.24   104   102.11   0.58   179   102.83   0.52
M     89.50   127   102.62   0.57   199   102.03   0.59
M     93.97   161   101.46   0.49   220   101.89   0.46
M     98.67   226   101.49   0.43   245   102.37   0.47
M    103.60   263   100.27   0.37   262   101.60   0.45
M    108.79   298   100.76   0.37   248   101.20   0.45
M    114.22   328    99.93   0.39   247   101.14   0.43
M    119.94   348   100.71   0.35   307   101.01   0.40
M    125.93   382   100.21   0.34   389   100.86   0.36
M    132.23   421   100.02   0.32   436   100.98   0.35
M    138.84   460   100.74   0.30   479   100.55   0.34
M    145.78   495   100.00   0.28   515   100.72   0.30
M    153.07   575    99.97   0.27   565   100.42   0.30
M    160.73   647    99.77   0.28   492   100.18   0.35
M    168.76   710   100.09   0.26   464   100.24   0.33
M    177.20   770    99.39   0.24   378   100.45   0.34
M    186.06   644    99.93   0.26   529   100.30   0.28
M    195.36   699   100.54   0.26   722    99.81   0.26
M    205.13   977    99.63   0.21  1032   100.03   0.23
M    215.39  1074    99.56   0.21  1142   100.11   0.22
M    226.16   984    99.81   0.22  1118    99.46   0.21
M    237.46  1106    99.81   0.21  1058    99.78   0.22
M    249.34  1371   100.07   0.19   800    99.96   0.26
M    261.80  1298    99.54   0.19   884   100.19   0.25
