###  1237667443511591123 0.186 30.0 99.940376
# method  r_pixel  n1 i1_cts i1_cts_err n2 i2_cts i2_cts_err
I      3.00    12  2078.43  14.35    11  3247.34  20.72
I      5.00    12  1129.61   5.08    11  1621.16   4.95
I      7.00    12   773.88   3.19    11   966.34   4.27
I      9.00    12   590.97   2.89    11   712.98   3.20
M     11.00    12   493.88   9.92    11   545.93   9.31
M     13.00    14   424.52   9.51    13   464.46   9.33
M     15.00    15   370.99   4.57    13   400.97   5.56
M     17.00    16   337.72   4.96    18   362.55   4.56
M     19.00    21   310.96   4.67    22   327.15   4.46
M     21.00    21   285.86   4.26    21   297.05   4.91
M     23.00    24   265.95   3.82    23   277.80   3.57
M     25.00    26   253.46   3.17    24   261.62   3.90
M     27.00    26   242.43   3.28    29   247.74   4.18
M     29.00    29   231.76   3.03    30   237.87   3.10
M     31.00    33   224.72   2.06    33   227.28   2.06
M     33.00    34   216.61   2.19    33   221.80   1.90
M     35.00    37   209.15   1.86    33   214.78   1.77
M     37.00    37   200.59   1.41    38   206.63   1.55
M     39.00    34   194.53   0.97    41   202.71   1.48
M     41.00    45   183.53   1.73    41   193.81   1.36
M     43.05    47   175.50   1.40    45   183.09   1.30
M     45.20    50   166.02   1.15    50   173.01   1.03
M     47.46    56   158.83   1.00    49   164.35   0.96
M     49.84    61   148.31   0.66    62   153.37   0.88
M     52.33    69   141.85   0.75    67   143.49   0.99
M     54.94    76   133.90   0.87    74   136.05   1.05
M     57.69    82   130.25   0.70    80   127.70   0.60
M     60.58    90   123.78   0.67    86   124.75   0.70
M     63.60   101   122.52   0.66    99   120.27   0.55
M     66.78   109   119.35   0.64   110   118.79   0.59
M     70.12   124   117.39   0.61   118   115.56   0.59
M     73.63   135   115.77   0.62   135   116.24   0.60
M     77.31   139   113.71   0.60   146   114.94   0.62
M     81.18   111   111.28   0.61   132   114.73   0.79
M     85.24    85   110.51   0.76    84   112.81   0.69
M     89.50    12   111.28   1.95    54   114.45   1.36
M     93.97    20   108.84   1.55    39   117.71   1.18
M     98.67    44   107.54   0.73    96   113.75   1.31
M    103.60    80   105.73   0.66   207   105.56   0.50
M    108.79   115   104.05   0.58   291   103.88   0.37
M    114.22   169   102.78   0.59   323   102.86   0.34
M    119.94   261   101.53   0.42   356   101.75   0.36
M    125.93   393   100.28   0.32   393   100.69   0.32
M    132.23   430    99.72   0.28   436   100.26   0.31
M    138.84   470   100.17   0.27   478   100.14   0.30
M    145.78   523   100.28   0.25   524   100.12   0.26
M    153.07   577    99.86   0.24   485    99.54   0.27
M    160.73   643    99.93   0.21   454    99.92   0.29
M    168.76   698    99.81   0.21   642   100.14   0.25
M    177.20   774   100.00   0.18   766   100.36   0.23
M    186.06   855    99.81   0.18   620   100.01   0.26
M    195.36   950    99.68   0.17   567    99.94   0.24
M    205.13  1052    99.76   0.16   616    99.95   0.27
M    215.39   912    99.61   0.17   745    99.88   0.23
M    226.16   929    99.82   0.17   873    99.73   0.22
M    237.46  1258    99.92   0.14  1039    99.90   0.18
M    249.34  1537    99.76   0.13  1364    99.97   0.15
M    261.80  1710    99.56   0.12  1689    99.93   0.14
