###  1237667324334571534 0.186 30.0 99.068512
# method  r_pixel  n1 i1_cts i1_cts_err n2 i2_cts i2_cts_err
I      3.00    18  9010.64  70.37    17 10245.54  94.19
I      5.00    18  7015.29  32.83    17  7717.17  54.99
I      7.00    18  5667.13  17.36    17  6270.04  31.29
I      9.00    18  4431.74  17.31    17  4978.80  14.73
I     11.00    18  3404.02  22.08    17  3813.33  21.91
M     13.00    14  2744.16  63.08    11  2979.67  54.69
M     15.00    16  2192.74  53.33    14  2385.09  61.67
M     17.00    14  1793.89  34.48    16  1973.64  52.02
M     19.00    21  1521.84  24.23    17  1658.46  28.23
M     21.00    21  1292.21  16.42    21  1408.95  19.35
M     23.00    19  1126.74  13.21    23  1197.71  14.09
M     25.00    23  1016.18  10.95    24  1061.99   9.68
M     27.00    27   904.03   8.55    25   949.52  10.31
M     29.00    26   818.72   6.82    29   852.28   8.19
M     31.00    30   735.07   4.81    26   770.99   6.92
M     33.00    31   673.58   5.42    31   708.90   5.77
M     35.00    33   618.01   5.29    36   651.62   5.00
M     37.00    38   566.43   3.09    35   589.68   3.85
M     39.00    36   517.03   3.52    34   540.85   2.98
M     41.00    36   479.23   2.96    41   498.76   3.14
M     43.05    44   449.08   2.14    44   461.19   2.62
M     45.20    45   415.98   2.00    47   426.58   2.29
M     47.46    56   390.36   2.44    51   393.36   2.10
M     49.84    60   363.83   2.36    58   369.09   2.10
M     52.33    64   343.22   3.05    63   339.93   1.81
M     54.94    73   324.45   2.60    70   316.63   1.80
M     57.69    72   298.13   1.99    79   293.24   1.40
M     60.58    88   279.69   1.87    84   276.31   1.28
M     63.60    96   259.94   1.53    94   260.37   1.18
M     66.78   105   243.19   1.21   101   246.25   1.01
M     70.12   113   229.59   1.22   119   232.67   1.09
M     73.63   130   214.94   1.08   123   219.88   0.77
M     77.31   138   207.09   0.87   141   208.29   0.86
M     81.18   152   195.02   0.81   152   198.63   0.66
M     85.24   171   186.83   0.74   167   188.07   0.74
M     89.50   185   176.60   0.60   184   179.48   0.73
M     93.97   203   166.38   0.62   207   171.32   0.62
M     98.67   229   160.25   0.64   232   163.11   0.59
M    103.60   244   152.21   0.55   249   155.23   0.62
M    108.79   279   144.01   0.53   274   147.98   0.51
M    114.22   299   138.07   0.46   304   140.73   0.52
M    119.94   339   132.11   0.49   332   134.74   0.49
M    125.93   249   127.58   0.46   308   130.51   0.49
M    132.23   178   121.71   0.58   272   125.65   0.54
M    138.84   129   117.75   0.82   229   121.35   0.55
M    145.78   124   116.61   0.68    45   118.67   0.82
M    153.07   145   112.43   0.76   104   114.33   1.11
M    160.73   182   111.28   0.64   297   111.70   0.56
M    168.76   183   108.66   0.60   569   110.13   0.35
M    177.20   140   106.49   0.71   705   107.88   0.31
M    186.06    82   105.93   0.93   779   106.36   0.30
M    195.36    95   102.78   0.70   719   105.52   0.32
M    205.13   137   102.47   0.74   717   104.15   0.32
M    215.39   227   102.29   0.56   744   103.24   0.31
M    226.16   459   101.00   0.37   837   101.23   0.30
M    237.46   686   100.62   0.33  1154   101.01   0.25
M    249.34   982   100.56   0.26  1416   100.06   0.23
M    261.80  1301   100.07   0.24  1590   100.25   0.21
