###  1237667443511656538 0.1859 30.0 99.9264447469
# method  r_pixel  n1 i1_cts i1_cts_err n2 i2_cts i2_cts_err
I      3.00    12   596.51   1.29    11   520.66   0.31
I      5.00    12   506.84   4.20    11   423.71   1.81
I      7.00    12   421.47   3.21    11   343.37   0.67
I      9.00    12   334.83   3.27    11   276.17   1.26
M     11.00    12   271.51   4.93    12   235.02   4.46
M     13.00    11   231.67   3.28    13   196.06   3.99
M     15.00    15   197.55   3.45    15   187.51   4.14
M     17.00    19   179.06   3.29    16   177.79   2.57
M     19.00    17   170.16   2.32    18   172.54   2.90
M     21.00    21   163.70   2.08    22   162.44   2.79
M     23.00    22   164.84   2.65    23   159.72   1.93
M     25.00    25   157.75   1.93    27   157.45   1.66
M     27.00    28   151.63   1.99    25   151.94   1.89
M     29.00    31   148.27   1.82    31   145.68   2.14
M     31.00    29   147.85   1.89    30   142.47   2.13
M     33.00    32   137.04   1.24    34   139.95   2.23
M     35.00    36   132.58   1.80    34   136.15   1.42
M     37.00    36   128.66   0.95    39   127.56   1.18
M     39.00    40   130.73   1.61    35   126.55   1.63
M     41.00    37   126.97   0.92    42   126.19   1.64
M     43.05    44   127.72   1.19    46   123.08   1.54
M     45.20    51   123.33   1.23    51   120.68   1.59
M     47.46    54   120.47   1.03    54   118.63   1.28
M     49.84    58   119.05   1.00    57   117.94   1.00
M     52.33    71   117.89   1.18    73   114.68   1.15
M     54.94    70   112.18   1.11    65   118.08   0.94
M     57.69    87   111.77   0.99    88   115.56   1.22
M     60.58    92   111.65   0.88    91   113.81   1.23
M     63.60    98   109.38   0.74   100   112.39   1.09
M     66.78   104   106.27   0.61   109   113.42   1.18
M     70.12   118   105.65   0.70   120   109.90   1.02
M     73.63   142   102.88   0.76   141   111.97   1.08
M     77.31   144   103.14   0.69   145   108.56   0.81
M     81.18   157   100.21   0.58   154   108.92   0.85
M     85.24   182   100.80   0.60   185   105.37   0.82
M     89.50   204   101.33   0.66   195   102.54   0.62
M     93.97   217   100.18   0.56   219   102.25   0.58
M     98.67   237    99.44   0.52   236   100.42   0.50
M    103.60   260   100.56   0.48   256   100.76   0.55
M    108.79   296   101.02   0.55   290    99.85   0.57
M    114.22   318   100.71   0.43   321   100.33   0.51
M    119.94   356   100.34   0.41   357   100.55   0.57
M    125.93   381    99.67   0.40   385   100.73   0.49
M    132.23   431   100.00   0.35   429   100.23   0.44
M    138.84   433    99.92   0.40   474   100.05   0.46
M    145.78   402    99.37   0.40   508   100.12   0.45
M    153.07   428    99.45   0.41   580   100.14   0.40
M    160.73   444    99.66   0.38   627    99.83   0.35
M    168.76   492    99.18   0.38   696   100.51   0.37
M    177.20   563   100.00   0.33   781    99.91   0.36
M    186.06   641    99.61   0.33   842   100.69   0.34
M    195.36   763   100.04   0.30   882   100.24   0.32
M    205.13   949    99.66   0.27   955   100.07   0.31
M    215.39  1137   100.58   0.25  1110    99.41   0.29
M    226.16  1205   100.06   0.23  1255   100.09   0.29
M    237.46  1032    99.96   0.24  1380    99.87   0.26
M    249.34  1012   100.21   0.23  1518    99.58   0.25
M    261.80  1101    99.96   0.26  1668    99.83   0.22
