###  1237667324334964782 0.186 30.0 99.874969
# method  r_pixel  n1 i1_cts i1_cts_err n2 i2_cts i2_cts_err
I      3.00    14  5530.58  19.47    13  5967.11  41.20
I      5.00    14  3088.03  34.08    13  3266.95  21.80
I      7.00    14  2142.16  16.06    13  2229.55  15.35
I      9.00    14  1542.08  14.57    13  1595.35  19.15
M     11.00    11  1144.52  29.25    10  1175.47  33.66
M     13.00    15   892.92  19.01    15   915.94  20.33
M     15.00    13   745.25  12.78    13   769.49  11.42
M     17.00    18   652.47   9.67    17   670.68   5.57
M     19.00    19   571.19   5.78    18   604.21   3.80
M     21.00    21   516.54   5.76    21   555.31   5.92
M     23.00    23   478.72   4.91    22   512.22   4.46
M     25.00    23   447.06   2.99    20   488.41   2.62
M     27.00    27   422.74   3.54    29   453.18   2.85
M     29.00    26   400.58   1.55    30   435.41   3.99
M     31.00    32   378.50   2.23    29   417.94   3.66
M     33.00    34   362.49   2.21    35   394.60   3.82
M     35.00    34   342.15   1.58    35   374.28   3.61
M     37.00    37   322.18   1.44    37   360.63   3.04
M     39.00    37   305.94   1.48    41   339.05   3.44
M     41.00    40   291.69   2.22    41   321.87   2.31
M     43.05    46   275.57   2.21    45   305.15   2.31
M     45.20    48   257.46   1.56    50   284.22   2.52
M     47.46    59   243.74   2.16    56   262.11   1.84
M     49.84    61   232.12   3.15    59   241.21   1.75
M     52.33    67   210.93   1.92    68   219.88   1.65
M     54.94    72   193.96   1.33    74   204.20   1.08
M     57.69    86   181.43   1.14    85   187.31   1.42
M     60.58    91   168.90   0.95    89   173.03   0.92
M     63.60    94   160.00   0.96    99   163.20   0.73
M     66.78   110   149.97   0.83   112   154.50   0.86
M     70.12   114   141.06   0.63   114   143.79   0.83
M     73.63   138   133.89   0.65   139   136.39   0.63
M     77.31   139   127.67   0.60   145   130.03   0.65
M     81.18   151   122.61   0.71   158   124.66   0.59
M     85.24   165   118.25   0.57   180   120.57   0.45
M     89.50   191   114.33   0.60   180   116.70   0.49
M     93.97   215   112.89   0.49   132   115.87   0.64
M     98.67   240   109.48   0.52   124   117.02   1.06
M    103.60   265   108.27   0.43   137   110.61   0.67
M    108.79   288   106.79   0.41   183   107.55   0.52
M    114.22   312   104.99   0.37   261   105.54   0.42
M    119.94   262   104.02   0.44   345   104.77   0.34
M    125.93   261   103.81   0.33   388   103.63   0.32
M    132.23   279   102.70   0.40   436   102.54   0.31
M    138.84   384   101.73   0.33   417   102.58   0.33
M    145.78   443   101.14   0.30   433   101.78   0.30
M    153.07   505   100.56   0.34   505   101.41   0.27
M    160.73   608   100.70   0.31   633   101.05   0.26
M    168.76   695   100.62   0.28   684   100.78   0.23
M    177.20   774   100.48   0.29   774   100.45   0.25
M    186.06   846   100.59   0.28   848   100.39   0.22
M    195.36   929    99.98   0.26   924    99.89   0.22
M    205.13  1042   100.32   0.25   945   100.01   0.21
M    215.39  1075    99.94   0.25  1082    99.94   0.20
M    226.16   835    99.81   0.28  1258    99.86   0.19
M    237.46   831    99.98   0.26  1370    99.78   0.17
M    249.34   897   100.26   0.25  1517   100.04   0.17
M    261.80  1166    99.93   0.21  1685    99.66   0.16
