###  1237667323797110932 0.186 30.0 99.818298
# method  r_pixel  n1 i1_cts i1_cts_err n2 i2_cts i2_cts_err
I      3.00    12   778.77   2.79    11  1534.72   5.79
I      5.00    12   598.17   2.88    11  1339.94  10.77
I      7.00    12   499.72   0.93    11   973.32  16.99
I      9.00    12   413.86   2.83    11   759.09  11.66
M     11.00    10   349.99   5.33    11   592.30  11.19
M     13.00    13   312.81   3.02    13   476.46  10.43
M     15.00    15   283.26   3.34    16   401.61   7.99
M     17.00    17   255.75   2.15    17   341.59   5.13
M     19.00    20   243.35   1.74    20   301.33   2.87
M     21.00    21   232.21   1.99    17   277.35   2.15
M     23.00    22   225.92   2.07    24   252.99   1.94
M     25.00    26   217.92   2.29    25   234.58   1.90
M     27.00    27   213.38   1.63    28   218.29   3.41
M     29.00    29   205.55   1.75    28   207.25   2.12
M     31.00    30   192.66   1.34    34   191.80   2.29
M     33.00    33   183.98   1.82    34   181.84   1.72
M     35.00    18   169.05   1.99    37   171.82   1.22
M     37.00    11   157.84   3.90    35   161.76   1.30
I     39.00    12   151.51   1.60    11   152.18   1.76
I     41.00    12   142.69   1.98    11   142.38   2.64
I     43.05    12   136.94   0.87    11   139.63   1.94
I     45.20    12   132.03   0.99    11   129.04   0.93
I     47.46    12   128.96   1.57    11   128.82   1.55
I     49.84    12   125.78   1.45    11   123.20   1.67
I     52.33    12   120.77   1.01    11   118.89   1.48
I     54.94    12   121.31   2.54    11   115.15   1.56
I     57.69    12   112.91   1.08    11   116.87   0.98
I     60.58    12   110.71   1.37    11   113.70   1.46
I     63.60    12   109.48   1.47    11   110.19   1.49
I     66.78    12   113.64   2.47    11   111.09   1.43
I     70.12    12   110.64   1.77    11   106.63   2.20
I     73.63    12   112.95   1.32    11   108.29   1.13
I     77.31    12   113.42   1.50    11   103.79   1.57
I     81.18    12   111.18   2.09    11   108.39   0.73
I     85.24    12   118.78   5.01    11   101.72   1.14
I     89.50    12   125.43   9.09    11   101.30   2.71
I     93.97    12   143.13  13.12    11   102.67   1.67
I     98.67    12   131.25  24.31    11   101.70   1.59
I    103.60    12   144.95  28.91    11    99.65   3.08
I    108.79    12   122.19  10.89    11   104.14   1.94
I    114.22    12   119.29   5.69    11    99.87   2.53
I    119.94    12   106.28   2.41    11   102.52   2.67
I    125.93    12   103.60   2.38    11   102.35   1.34
I    132.23    12   107.74   1.83    11   100.29   1.78
I    138.84    12   100.38   1.10    11    98.79   1.98
I    145.78    12   103.44   1.78    11   101.12   1.83
M    153.07    41   102.68   1.37   575   100.19   0.35
M    160.73   188   100.44   0.54   634   100.49   0.32
M    168.76   450   100.80   0.42   708    99.97   0.33
M    177.20   634   100.20   0.32   770    99.93   0.30
M    186.06   781   100.51   0.30   846    99.99   0.29
M    195.36   757    99.96   0.32   942   100.46   0.25
M    205.13   854   100.16   0.30   978    99.41   0.26
M    215.39  1064   100.12   0.26  1119    99.61   0.26
M    226.16  1109   100.11   0.25  1210    99.76   0.24
M    237.46  1064   100.26   0.26  1273    99.73   0.24
M    249.34   986    99.97   0.27  1446    99.27   0.22
M    261.80  1226    99.54   0.22  1693    99.52   0.22
