###  1237667444048724303 0.1861 30.0 99.805588
# method  r_pixel  n1 i1_cts i1_cts_err n2 i2_cts i2_cts_err
I      3.00    12   647.82   2.10    11   755.11   4.17
I      5.00    12   455.29   3.69    11   519.30   5.17
I      7.00    12   343.70   2.29    11   385.86   1.93
I      9.00    12   269.62   0.61    11   298.87   1.68
M     11.00    11   222.88   2.53    12   248.09   4.56
M     13.00    13   197.01   3.99    14   212.72   2.80
M     15.00    16   184.36   2.67    15   197.35   3.66
M     17.00    17   174.38   1.99    16   186.80   2.37
M     19.00    19   164.40   1.73    22   174.52   2.78
M     21.00    21   152.87   1.74    21   163.56   2.20
M     23.00    24   145.47   2.01    23   163.70   2.01
M     25.00    24   135.34   1.85    25   157.88   2.68
M     27.00    27   126.14   0.89    28   150.64   3.06
M     29.00    29   121.24   2.03    31   142.11   2.60
M     31.00    32   118.07   1.37    31   130.77   2.00
M     33.00    35   111.73   1.47    33   123.40   1.90
M     35.00    34   112.14   1.64    38   115.47   1.54
M     37.00    38   109.77   1.31    36   113.81   0.95
M     39.00    40   109.28   1.22    37   110.20   1.25
M     41.00    41   107.06   1.29    42   108.32   1.02
M     43.05    47   106.47   1.31    44   106.77   1.07
M     45.20    53   103.69   1.31    49   105.66   0.92
M     47.46    52   103.79   0.87    55   102.99   0.86
M     49.84    63   103.75   1.21    64   102.40   1.11
M     52.33    68   100.57   0.83    68   104.84   1.26
M     54.94    76   101.52   1.11    71   104.08   0.79
M     57.69    82   101.18   0.96    84   101.57   1.09
M     60.58    90   100.43   0.88    94   100.94   0.99
M     63.60   100   101.52   0.89    96   101.05   1.04
M     66.78   110   100.38   0.87   110    99.94   0.79
M     70.12   122   100.65   0.91   126    99.76   0.70
M     73.63   130   101.33   0.58   131    99.95   0.71
M     77.31   150   100.85   0.69   149   100.49   0.70
M     81.18   164    99.21   0.64   167   100.74   0.71
M     85.24   178   100.04   0.61   177   100.10   0.61
M     89.50   198   100.59   0.68   197    99.95   0.54
M     93.97   221    99.79   0.51   217   100.25   0.48
M     98.67   237    99.93   0.54   244   100.68   0.53
M    103.60   261   101.20   0.52   245    99.61   0.52
M    108.79   216   100.11   0.50   204    99.96   0.54
M    114.22   172    99.63   0.66   282   100.47   0.47
M    119.94   171    99.13   0.62   349    99.92   0.40
M    125.93   186   100.51   0.58   399    99.45   0.40
M    132.23   248   100.47   0.46   354    99.55   0.46
M    138.84   406    99.82   0.39   417    99.83   0.38
M    145.78   523   100.11   0.35   531    99.72   0.36
M    153.07   585   100.37   0.34   557    99.98   0.32
M    160.73   640   100.12   0.33   455   100.10   0.39
M    168.76   703    99.68   0.29   410    99.63   0.41
M    177.20   768    99.34   0.29   406    99.93   0.40
M    186.06   856    99.67   0.29   439    99.86   0.45
M    195.36   936    99.78   0.26   502    99.43   0.38
M    205.13  1042    99.78   0.25   647    99.60   0.35
M    215.39  1144   100.13   0.23   893    99.82   0.33
M    226.16  1261    99.98   0.23  1260    99.46   0.28
M    237.46  1404    99.76   0.22  1388    99.50   0.27
M    249.34  1537    99.71   0.22  1531    99.84   0.27
M    261.80  1702    99.48   0.20  1680    99.41   0.25
