###  1237667322723827770 0.1859 30.0 99.547165
# method  r_pixel  n1 i1_cts i1_cts_err n2 i2_cts i2_cts_err
I      3.00    16   968.44   2.05    15  2154.90  14.93
I      5.00    16   786.64   1.76    15  3182.93  58.39
I      7.00    16   644.51   4.06    15  4939.62 181.62
I      9.00    16   540.13   6.17    15  7738.05 555.52
I     11.00    16   452.34   4.75    15  9234.03 835.58
M     13.00    14   407.11   6.84    12  5882.75 584.71
M     15.00    13   359.66   2.77    16  3996.38 441.49
M     17.00    16   329.82   3.85    16  2518.82 113.34
M     19.00    18   303.15   2.86    21  1777.68  73.31
M     21.00    21   286.66   2.68    16  1375.17  51.47
M     23.00    23   268.23   1.54    21  1099.76  32.14
M     25.00    22   251.56   1.24    27   903.23  21.89
M     27.00    24   237.49   1.65    27   756.01  11.73
M     29.00    28   224.59   1.90    27   667.88  10.61
M     31.00    34   211.94   1.99    30   601.35  11.27
M     33.00    30   202.44   1.13    33   540.97   9.70
M     35.00    29   193.19   1.66    35   462.22   7.36
M     37.00    38   186.65   1.33    35   410.65   6.22
M     39.00    37   178.49   0.96    35   361.70   3.63
M     41.00    42   170.86   1.20    43   322.71   2.74
M     43.05    43   164.41   1.20    43   292.45   2.32
M     45.20    47   158.71   1.03    50   265.49   2.30
M     47.46    50   157.19   0.72    53   246.87   1.84
M     49.84    59   150.59   0.82    60   229.09   1.65
M     52.33    64   146.22   0.77    61   212.46   1.30
M     54.94    68   143.97   0.82    73   201.04   0.85
M     57.69    80   141.85   0.75    74   190.71   1.37
M     60.58    84   140.49   0.67    73   181.51   1.11
M     63.60    99   141.37   0.67    83   170.72   1.22
M     66.78   105   141.69   0.68   105   162.97   0.85
M     70.12   111   144.07   0.68   119   155.61   0.98
M     73.63   124   146.95   0.75   129   150.70   0.93
M     77.31   143   147.83   0.61   145   145.54   0.62
M     81.18   157   149.44   0.49   155   142.94   0.69
M     85.24   174   150.45   0.44   174   142.41   0.48
M     89.50   186   150.53   0.38   194   141.17   0.45
M     93.97   211   150.24   0.40   212   139.78   0.42
M     98.67   236   148.81   0.41   228   140.29   0.37
M    103.60   258   146.97   0.37   251   139.87   0.33
M    108.79   279   145.73   0.36   281   141.07   0.33
M    114.22   312   143.55   0.35   314   139.81   0.33
M    119.94   338   141.24   0.31   339   139.65   0.31
M    125.93   374   136.47   0.33   378   138.70   0.33
M    132.23   419   130.92   0.33   412   136.68   0.38
M    138.84   457   126.68   0.31   458   133.98   0.32
M    145.78   501   121.74   0.30   476   131.69   0.26
M    153.07   562   116.01   0.29   550   127.38   0.26
M    160.73   508   112.25   0.28   613   124.27   0.25
M    168.76   526   109.09   0.30   661   120.90   0.25
M    177.20   610   106.01   0.28   683   116.37   0.22
M    186.06   743   103.84   0.24   757   112.24   0.21
M    195.36   696   102.11   0.23   874   108.86   0.19
M    205.13   809   101.06   0.18   697   105.95   0.22
M    215.39   866   100.84   0.18   508   103.79   0.22
M    226.16   987   100.82   0.18   433   102.20   0.23
M    237.46  1217   100.81   0.17   678   101.57   0.19
M    249.34  1265   100.51   0.17  1065   100.69   0.15
M    261.80  1497   100.19   0.15  1022   100.49   0.15
