###  1237667444048724118 0.186 30.0 99.674072
# method  r_pixel  n1 i1_cts i1_cts_err n2 i2_cts i2_cts_err
I      3.00    14  3782.99  66.93    13  3937.83  77.35
I      5.00    14  2188.68  29.35    13  2240.35  47.78
I      7.00    14  1335.14  15.03    13  1367.87  27.39
I      9.00    14   900.21   5.05    13   882.16  14.99
M     11.00    13   632.11  24.48    12   633.46  16.78
M     13.00    13   469.71  13.07    14   469.41  12.64
M     15.00    15   374.89   9.20    15   377.21  12.99
M     17.00    16   313.31   7.42    18   304.69   4.40
M     19.00    18   274.72   3.40    17   265.47   6.40
M     21.00    20   246.83   4.94    21   245.69   3.00
M     23.00    22   234.79   2.22    21   236.72   1.57
M     25.00    21   224.25   1.56    25   221.99   2.58
M     27.00    26   221.57   1.78    26   217.57   2.25
M     29.00    29   218.22   2.11    29   214.52   2.32
M     31.00    32   211.51   2.13    34   206.80   2.53
M     33.00    34   207.06   2.14    33   204.30   2.09
M     35.00    34   198.54   1.77    34   198.71   1.97
M     37.00    38   192.09   1.50    38   188.94   2.02
M     39.00    36   184.25   1.43    39   183.74   1.74
M     41.00    40   178.80   1.76    39   175.72   2.12
M     43.05    46   169.81   1.54    45   172.72   1.53
M     45.20    51   163.96   1.44    49   161.83   1.22
M     47.46    54   156.49   1.32    53   155.89   1.27
M     49.84    59   149.40   1.42    60   149.69   1.48
M     52.33    66   147.49   1.04    66   144.46   1.22
M     54.94    70   143.30   1.83    75   138.70   1.17
M     57.69    82   137.42   1.82    78   131.47   1.29
M     60.58    90   128.93   1.26    82   128.35   1.01
M     63.60    97   122.10   1.08    99   123.94   1.12
M     66.78   110   119.30   0.97   109   118.56   1.05
M     70.12   122   116.25   0.99    97   114.80   1.02
M     73.63   111   112.60   1.08    90   111.82   1.12
M     77.31   120   108.13   0.98    94   108.36   1.05
M     81.18   144   107.42   0.72   111   107.60   1.03
M     85.24   179   105.22   0.71   142   103.44   0.79
M     89.50   191   103.15   0.67   191   102.14   0.57
M     93.97   221   101.58   0.63   217   101.19   0.69
M     98.67   238   103.43   0.69   242   100.42   0.58
M    103.60   257   102.05   0.55   265   100.53   0.62
M    108.79   212   102.36   0.67   292    99.69   0.59
M    114.22   307   101.06   0.60   323   100.40   0.55
M    119.94   360   100.70   0.52   350    99.59   0.50
M    125.93   387   100.53   0.55   386    99.65   0.43
M    132.23   412   101.36   0.50   425    99.85   0.44
M    138.84   304   101.17   0.60   473    99.24   0.43
M    145.78   184   100.33   0.68   520    98.15   0.40
M    153.07   169   100.82   0.83   571    98.88   0.40
M    160.73   220   100.09   0.67   638    99.58   0.38
M    168.76   371   100.26   0.49   693    99.01   0.36
M    177.20   704   100.79   0.41   762    99.25   0.34
M    186.06   838   100.41   0.34   836    99.75   0.32
M    195.36   930    99.76   0.34   936   100.15   0.31
M    205.13  1025   100.31   0.30  1020   100.10   0.29
M    215.39  1136    99.87   0.29  1125   101.42   0.29
M    226.16  1243    99.23   0.28  1256   102.36   0.30
M    237.46  1385    99.68   0.28  1359   103.62   0.27
M    249.34  1530   100.04   0.26  1162   104.32   0.29
M    261.80  1672   100.27   0.25   893   106.42   0.31
