###  1237667323797504020 0.186 30.0 99.863472
# method  r_pixel  n1 i1_cts i1_cts_err n2 i2_cts i2_cts_err
I      3.00    14  4017.99  52.51    13  4275.18  39.32
I      5.00    14  2481.15  35.79    13  2606.53  29.83
I      7.00    14  1522.82  24.45    13  1617.35  16.29
I      9.00    14   994.12  13.92    13  1068.14  10.65
M     11.00    12   728.62  29.75    11   759.69  26.41
M     13.00    13   521.74  20.64    14   544.06  17.23
M     15.00    14   403.95   9.95    14   416.27  11.60
M     17.00    18   316.79   8.35    18   327.46   7.45
M     19.00    20   267.00   4.77    20   269.54   3.96
M     21.00    21   229.70   3.44    20   232.58   2.16
M     23.00    24   200.80   2.40    22   206.43   2.27
M     25.00    21   185.28   1.87    22   185.41   1.31
M     27.00    27   171.88   2.05    27   176.70   1.24
M     29.00    28   162.04   1.37    30   162.40   1.71
M     31.00    31   156.83   1.09    30   158.17   1.26
M     33.00    32   151.45   1.52    33   151.47   1.03
M     35.00    36   145.57   1.19    35   146.72   1.22
M     37.00    39   144.80   1.24    38   144.32   0.99
M     39.00    35   146.50   0.74    38   140.38   1.22
M     41.00    41   142.86   1.01    42   140.50   1.57
M     43.05    45   139.44   1.43    44   137.07   1.13
M     45.20    55   135.13   1.04    48   131.76   1.25
M     47.46    54   129.47   1.11    58   131.15   1.10
M     49.84    59   125.70   0.91    58   123.87   1.13
M     52.33    66   120.10   0.83    71   117.50   0.81
M     54.94    69   114.67   0.89    70   115.39   0.74
M     57.69    83   112.19   0.61    83   111.53   0.78
M     60.58    88   109.03   0.68    90   108.57   0.68
M     63.60   100   106.19   0.74   100   106.90   0.64
M     66.78   108   105.40   0.56   103   105.82   0.52
M     70.12   121   103.95   0.59   123   104.31   0.61
M     73.63   133   103.41   0.54   132   103.85   0.61
M     77.31   144   102.52   0.53   149   102.65   0.65
M     81.18   154   101.72   0.41   137   102.06   0.65
M     85.24   176   101.66   0.49    68   101.86   0.90
M     89.50   202   101.07   0.46    39   101.12   1.01
M     93.97   212   101.64   0.46    20   101.54   2.33
I     98.67    14   100.57   1.46    13   100.00   1.18
I    103.60    14    97.65   1.51    13   101.97   1.42
I    108.79    14    96.44   2.07    13   106.28   3.63
M    114.22   320   100.00   0.34    44   102.57   1.18
M    119.94   353   100.27   0.41   100    99.51   0.63
M    125.93   392    99.27   0.33   181   100.15   0.48
M    132.23   422    98.99   0.30   274    99.76   0.45
M    138.84   470   100.26   0.30   365    99.79   0.39
M    145.78   463    99.75   0.32   355   100.32   0.38
M    153.07   335    99.97   0.41   343   100.05   0.36
M    160.73   298   100.47   0.37   382   100.19   0.34
M    168.76   303    99.78   0.40   463   100.48   0.28
M    177.20   377    99.65   0.41   715    99.63   0.25
M    186.06   568    99.83   0.27   843   100.15   0.24
M    195.36   924    99.78   0.23   926    99.81   0.23
M    205.13   779   100.40   0.25  1038    99.75   0.22
M    215.39   720   100.43   0.26  1069   100.12   0.22
M    226.16   861    99.77   0.23  1189    99.90   0.20
M    237.46  1110    99.76   0.20   905   100.91   0.24
M    249.34  1521    99.89   0.18   758   100.12   0.25
M    261.80  1678    99.63   0.17   771    99.97   0.25
