###  1237667324334637152 0.1859 30.0 99.405205
# method  r_pixel  n1 i1_cts i1_cts_err n2 i2_cts i2_cts_err
I      3.00    10  4793.70  40.22     9  6503.95 129.83
I      5.00    10  2774.07  15.74     9  3707.58  63.79
I      7.00    10  1721.08   9.40     9  2240.71  34.13
M      9.00    11  1185.15  53.90    10  1507.42  80.82
M     11.00    11   851.79  29.89    12  1051.60  42.95
M     13.00    13   656.87  14.80    14   776.48  20.26
M     15.00    14   543.69  10.37    16   619.13  14.57
M     17.00    18   458.39   4.14    15   522.20   8.90
M     19.00    20   400.75   4.24    21   446.44   7.09
M     21.00    22   353.43   4.30    22   393.59   5.03
M     23.00    24   316.52   3.86    24   337.88   3.56
M     25.00    23   280.29   2.65    26   307.24   3.36
M     27.00    28   260.13   2.31    26   280.43   1.86
M     29.00    30   241.14   1.64    29   259.54   1.41
M     31.00    34   221.28   1.69    30   238.73   2.17
M     33.00    34   204.69   2.10    36   218.46   1.99
M     35.00    36   191.05   1.61    34   202.93   1.53
M     37.00    34   177.07   1.20    40   187.46   1.52
M     39.00    41   167.37   1.70    38   171.42   1.16
M     41.00    42   158.87   1.69    40   166.63   1.66
M     43.05    48   152.84   1.02    47   156.98   1.28
M     45.20    48   147.30   1.21    53   148.91   1.35
M     47.46    54   140.88   1.52    57   144.75   1.17
M     49.84    65   134.81   1.31    61   136.70   0.86
M     52.33    68   127.33   1.11    66   133.09   0.87
M     54.94    74   124.67   0.87    76   126.36   1.18
M     57.69    81   121.04   0.77    85   119.41   1.06
M     60.58    87   114.76   0.81    70   117.30   1.02
M     63.60    55   113.39   1.05    70   115.55   0.77
M     66.78    45   110.90   1.49    86   111.01   0.64
M     70.12    42   108.83   1.17   113   108.90   0.72
M     73.63    44   107.35   1.02   135   107.29   0.71
M     77.31    50   107.42   1.22   147   106.02   0.69
M     81.18    54   102.65   1.29   163   105.55   0.63
M     85.24    65   104.20   1.00   175   104.38   0.60
M     89.50    51   104.01   0.97   203   102.08   0.55
M     93.97    40   101.13   1.14   216   102.76   0.51
M     98.67    30   105.35   1.29   247   102.15   0.48
M    103.60    23   101.14   1.37   265   100.87   0.51
M    108.79    26   102.00   2.60   294   100.69   0.49
M    114.22    31   100.47   1.52   329    99.63   0.48
M    119.94    46   100.70   1.06   356   100.50   0.40
M    125.93    76   101.51   1.16   393   100.22   0.37
M    132.23   122   101.30   0.85   402   100.25   0.42
M    138.84   220    99.93   0.54   412    98.55   0.39
M    145.78   370    99.75   0.43   449    99.23   0.37
M    153.07   490    99.47   0.37   514    99.76   0.35
M    160.73   650    99.67   0.34   625    99.71   0.31
M    168.76   714    99.40   0.31   714    99.15   0.31
M    177.20   776    99.29   0.28   782    99.17   0.29
M    186.06   862    99.25   0.28   866    98.93   0.28
M    195.36   948    99.19   0.26   955    98.67   0.26
M    205.13  1056    99.13   0.26  1043    99.50   0.25
M    215.39  1143    99.19   0.23  1156    99.18   0.24
M    226.16  1260    99.12   0.24  1273    98.95   0.23
M    237.46  1350    99.44   0.23  1413    98.73   0.23
M    249.34  1550    99.67   0.20  1542    99.16   0.21
M    261.80  1708    99.54   0.19  1709    98.99   0.20
