###  1237667324334374925 0.1859 30.0 99.648972
# method  r_pixel  n1 i1_cts i1_cts_err n2 i2_cts i2_cts_err
I      3.00    16  1658.23  10.65    15  3613.00  24.75
I      5.00    16  1201.62   6.52    15  2736.69  45.94
I      7.00    16   920.29   6.74    15  1859.24  43.40
I      9.00    16   746.88   5.53    15  1304.27  33.45
M     11.00    11   646.85  14.18    12  1026.55  31.48
M     13.00    12   554.50   5.56    10   785.25  23.06
M     15.00    15   499.52   7.28    14   668.68  12.85
M     17.00    16   447.01   5.47    16   568.93  10.19
M     19.00    17   420.92   3.18    18   513.78   7.59
M     21.00    21   384.33   4.24    20   458.44   8.52
M     23.00    22   364.16   2.22    21   420.80   6.36
M     25.00    23   344.06   1.85    23   387.96   3.42
M     27.00    28   327.23   2.44    26   362.03   2.29
M     29.00    28   314.91   1.82    28   344.03   2.36
M     31.00    30   298.57   2.07    30   328.23   2.29
M     33.00    29   281.54   2.27    33   311.66   1.88
M     35.00    36   264.41   1.19    34   296.19   1.58
M     37.00    38   253.28   1.42    35   281.15   1.75
M     39.00    38   239.59   1.30    39   265.57   1.94
M     41.00    41   230.17   1.63    42   253.28   1.38
M     43.05    44   222.89   1.55    41   242.10   1.21
M     45.20    47   214.57   1.64    49   233.14   1.10
M     47.46    52   202.13   1.25    54   224.22   1.47
M     49.84    59   193.99   1.27    61   213.53   1.50
M     52.33    65   189.36   1.42    65   204.28   1.40
M     54.94    72   182.92   1.20    71   193.64   1.32
M     57.69    79   172.41   1.09    80   184.03   1.17
M     60.58    85   164.31   0.90    92   172.16   1.50
M     63.60    95   158.89   0.76    97   162.44   1.31
M     66.78   107   152.37   0.76   109   152.38   1.29
M     70.12   115   144.34   0.62   121   145.53   0.94
M     73.63   128   137.45   0.67   128   136.91   0.79
M     77.31   144   129.58   0.61   144   131.98   0.65
M     81.18   137   124.17   0.54   159   127.08   0.60
M     85.24   129   119.61   0.52   173   123.46   0.58
M     89.50   135   116.94   0.54   189   120.51   0.49
M     93.97   136   112.98   0.56   186   115.29   0.51
M     98.67   147   111.03   0.53   161   112.43   0.53
M    103.60   128   109.21   0.61   163   109.38   0.43
M    108.79   153   107.23   0.55   185   107.47   0.46
M    114.22   207   105.22   0.44   173   105.09   0.47
M    119.94   250   103.59   0.42   289   102.93   0.35
M    125.93   291   103.33   0.41   355   102.46   0.33
M    132.23   356   102.13   0.34   284   101.96   0.37
M    138.84   390   101.50   0.31   330   101.69   0.37
M    145.78   328   100.82   0.36   509   100.94   0.29
M    153.07   311    99.60   0.33   562   101.15   0.27
M    160.73   330    99.49   0.35   523   100.73   0.25
M    168.76   385   100.18   0.33   493   100.35   0.26
M    177.20   478    99.46   0.31   666   100.62   0.24
M    186.06   622    99.43   0.27   798   100.50   0.23
M    195.36   686    99.49   0.24   654   100.02   0.23
M    205.13   728    99.84   0.26   481    99.70   0.29
M    215.39   833    99.31   0.23   494   100.06   0.28
M    226.16  1119    99.38   0.19   853    99.85   0.21
M    237.46  1340    99.50   0.18  1307   100.02   0.18
M    249.34  1499    99.23   0.17  1486    99.78   0.17
M    261.80  1640    99.40   0.16  1575    99.84   0.16
