###  1237667323260567649 0.1859 30.0 99.805072429
# method  r_pixel  n1 i1_cts i1_cts_err n2 i2_cts i2_cts_err
I      3.00    14   526.08   3.10    13   520.15   9.85
I      5.00    14   431.09   0.67    13   427.58   5.74
I      7.00    14   358.95   2.79    13   336.62   4.90
I      9.00    14   319.79   1.96    13   309.70   5.61
I     11.00    14   278.09   2.33    13   265.17   1.91
M     13.00    13   255.55   2.76    12   250.33   3.13
M     15.00    17   240.07   3.19    16   237.83   4.66
M     17.00    17   232.77   2.70    16   230.82   3.09
M     19.00    16   226.11   2.15    20   232.69   1.91
M     21.00    23   215.08   2.06    18   229.73   1.03
M     23.00    25   208.29   2.60    26   213.80   2.93
M     25.00    25   198.74   2.04    26   198.23   1.77
M     27.00    22   186.90   1.34    27   194.02   1.76
M     29.00    30   181.49   1.45    28   195.62   1.82
M     31.00    31   173.50   0.98    32   201.36   1.87
M     33.00    35   173.14   1.17    34   207.65   2.17
M     35.00    34   171.04   1.29    35   214.93   3.68
M     37.00    34   167.00   1.14    35   211.34   1.57
M     39.00    39   165.98   1.76    39   203.26   1.67
M     41.00    38   166.48   0.88    41   190.16   1.30
M     43.05    45   165.74   1.37    41   183.45   1.32
M     45.20    51   164.75   1.34    49   177.48   1.08
M     47.46    57   164.82   1.64    55   166.73   1.24
M     49.84    62   160.82   1.30    59   161.26   1.69
M     52.33    68   160.50   1.13    70   158.62   1.22
M     54.94    78   161.52   1.16    72   160.24   1.03
M     57.69    78   157.64   1.56    81   164.05   1.88
M     60.58    89   154.48   1.30    89   163.34   2.32
M     63.60   102   152.31   1.77    96   154.63   1.24
M     66.78   108   152.07   1.34   110   147.20   1.36
M     70.12   121   148.36   1.24   122   140.82   1.19
M     73.63   136   147.15   1.14   124   139.50   0.97
M     77.31   146   141.89   0.98   142   143.59   1.12
M     81.18   168   135.38   0.92   165   141.70   0.77
M     85.24   178   134.74   0.80   177   135.74   0.67
M     89.50   196   133.30   0.77   195   128.75   0.59
M     93.97   213   130.66   0.76   217   123.25   0.54
M     98.67   232   124.43   0.58   245   117.78   0.47
M    103.60   260   118.14   0.48   256   112.60   0.45
M    108.79   291   113.25   0.39   289   109.13   0.41
M    114.22   317   111.12   0.45   322   107.22   0.38
M    119.94   358   108.75   0.39   353   106.28   0.43
M    125.93   379   106.32   0.34   389   104.85   0.37
M    132.23   377   105.39   0.35   431   104.68   0.32
M    138.84   301   103.76   0.40   462   103.86   0.33
M    145.78   305   102.62   0.38   517   102.83   0.29
M    153.07   301   102.45   0.38   573   102.17   0.30
M    160.73   427   102.46   0.34   624   102.28   0.26
M    168.76   461   101.83   0.30   696   101.92   0.27
M    177.20   572   100.95   0.28   651   101.42   0.25
M    186.06   752   100.79   0.24   821   100.98   0.25
M    195.36   932   100.57   0.21   924   100.48   0.23
M    205.13  1033   100.45   0.20   753   100.60   0.27
M    215.39  1132   100.82   0.18   753   100.24   0.29
M    226.16  1246   100.26   0.18   958   100.13   0.25
M    237.46  1388   100.16   0.18  1087    99.92   0.22
M    249.34  1509    99.89   0.17  1344    99.67   0.21
M    261.80  1637    99.75   0.16  1669    99.98   0.18
