###  1237667444585922611 0.186 30.0 101.10007
# method  r_pixel  n1 i1_cts i1_cts_err n2 i2_cts i2_cts_err
I      3.00    12   815.96   4.39    11  7786.76 133.72
I      5.00    12   506.04   2.40    11  4398.20  65.25
I      7.00    12   392.11   4.62    11  1717.40  18.86
I      9.00    12   338.33   0.81    11   851.83   9.72
M     11.00    12   314.29   1.95    11   558.90  30.83
M     13.00    14   292.34   2.10    14   411.24  10.32
M     15.00    15   273.54   1.90    15   339.96   2.85
M     17.00    16   259.90   2.58    15   311.85   2.62
M     19.00    19   248.22   1.47    20   291.21   1.54
M     21.00    19   236.57   2.52    21   271.69   2.61
M     23.00    23   223.90   2.34    23   258.38   1.88
M     25.00    27   210.99   1.54    24   247.73   1.73
M     27.00    27   203.76   1.93    28   236.36   1.97
M     29.00    27   188.80   2.23    29   223.40   1.26
M     31.00    32   178.09   2.01    32   211.14   1.59
M     33.00    37   164.98   1.68    33   196.46   1.71
M     35.00    34   156.05   1.21    34   182.89   1.76
M     37.00    38   151.99   1.37    36   170.78   1.78
M     39.00    41   143.38   1.24    41   158.92   1.57
M     41.00    41   139.75   1.14    41   148.18   1.61
M     43.05    44   136.53   1.46    44   138.30   1.22
M     45.20    50   131.00   0.97    49   134.50   1.19
M     47.46    56   130.70   1.07    59   128.20   1.00
M     49.84    56   128.92   0.87    60   121.76   0.87
M     52.33    68   128.49   0.96    62   119.65   0.74
M     54.94    70   132.92   1.60    78   119.20   0.83
M     57.69    83   135.32   2.36    84   122.53   1.42
M     60.58    88   130.75   1.90    85   124.52   2.53
M     63.60    91   124.92   1.12    93   131.90   3.70
M     66.78   104   125.81   1.17   105   124.73   2.91
M     70.12   112   123.01   0.66   112   112.75   1.24
M     73.63   110   119.48   0.68   127   107.99   0.68
M     77.31    96   118.38   0.87   136   103.07   0.56
M     81.18    96   119.16   0.84   150   101.90   0.49
M     85.24   130   115.85   0.58   162   102.03   0.47
M     89.50   201   116.91   0.45   197   101.12   0.46
M     93.97   212   116.91   0.42   218   101.33   0.43
M     98.67   244   116.41   0.45   227   100.96   0.38
M    103.60   267   116.05   0.42   265   100.88   0.41
M    108.79   296   116.98   0.47   298    99.81   0.40
M    114.22   320   117.38   0.38   326   100.11   0.35
M    119.94   304   118.85   0.42   350    99.93   0.34
M    125.93   299   118.69   0.43   397    99.35   0.36
M    132.23   337   119.96   0.42   435    99.52   0.32
M    138.84   461   119.76   0.48   480    99.47   0.29
M    145.78   525   120.34   0.55   524    99.40   0.26
M    153.07   561   122.14   0.64   576    99.46   0.28
M    160.73   652   123.38   0.76   640    99.41   0.26
M    168.76   713   125.94   0.92   609    99.80   0.26
M    177.20   786   127.15   1.06   635    99.67   0.27
M    186.06   225   133.98   2.38   832    99.62   0.24
I    195.36    12   127.59  11.23    11    99.92   0.85
I    205.13    12   117.28   9.63    11   100.14   1.87
I    215.39    12   125.00   9.41    11   101.11   1.26
I    226.16    12   108.46  12.63    11    98.08   1.45
I    237.46    12   114.68   7.86    11   100.95   2.46
I    249.34    12   117.34   9.90    11    99.52   1.83
I    261.80    12   126.84  11.83    11   100.40   1.27
