###  1237667444048658529 0.1861 30.0 98.926331
# method  r_pixel  n1 i1_cts i1_cts_err n2 i2_cts i2_cts_err
I      3.00    14  1448.25  39.26    13  2382.38 117.53
I      5.00    14   963.67  27.96    13  1735.08  88.33
I      7.00    14   742.17  22.81    13  1190.82  39.22
I      9.00    14   535.96  13.40    13   873.44  17.54
I     11.00    14   455.97   9.12    13   647.63  16.87
M     13.00    12   385.66   8.10    13   514.08  14.72
M     15.00    14   344.75   4.95    15   431.61   8.14
M     17.00    14   301.14   4.12    16   371.47   6.64
M     19.00    20   274.02   5.56    17   333.56   4.64
M     21.00    20   247.78   3.90    22   296.29   4.32
M     23.00    24   233.13   3.52    22   258.05   4.29
M     25.00    27   214.57   3.79    25   242.46   2.51
M     27.00    24   209.11   1.97    28   227.37   2.41
M     29.00    30   201.65   2.27    30   215.11   1.54
M     31.00    30   194.08   1.72    29   208.80   2.34
M     33.00    33   182.93   2.20    35   196.53   2.33
M     35.00    37   179.52   2.72    37   188.99   2.26
M     37.00    38   170.31   1.92    38   180.74   1.94
M     39.00    34   170.15   1.80    37   175.24   1.64
M     41.00    42   158.45   2.21    40   167.56   1.61
M     43.05    47   157.65   2.23    45   159.24   1.34
M     45.20    53   150.92   1.54    51   154.55   1.87
M     47.46    54   144.51   1.44    57   150.02   1.68
M     49.84    60   141.04   1.22    56   146.22   1.63
M     52.33    68   138.16   1.18    71   141.55   1.60
M     54.94    71   132.71   1.08    69   136.67   1.45
M     57.69    85   129.70   0.86    87   131.35   1.15
M     60.58    87   126.36   0.78    87   127.83   1.28
M     63.60    97   121.93   0.95    90   124.99   1.08
M     66.78   101   119.39   0.75   107   118.25   1.16
M     70.12    79   115.93   1.06   117   115.85   0.88
M     73.63    87   112.12   0.84   126   113.61   0.80
M     77.31    91   110.93   0.95    98   111.79   1.04
M     81.18   105   107.43   0.64    98   107.92   1.06
M     85.24   130   107.26   0.62   109   106.28   0.76
M     89.50   169   104.42   0.61   141   104.10   0.79
M     93.97   220   103.17   0.54   205   101.99   0.61
M     98.67   233   102.92   0.52   237   100.84   0.77
M    103.60   257   102.38   0.47   261    99.61   0.62
M    108.79   289   101.33   0.45   288    99.05   0.54
M    114.22   326   100.19   0.46   324    99.47   0.57
M    119.94   347   100.13   0.43   352    99.34   0.50
M    125.93   385    99.57   0.41   382    97.97   0.48
M    132.23   434    99.49   0.37   431    99.29   0.47
M    138.84   474    98.72   0.37   466    98.58   0.47
M    145.78   520    99.92   0.34   518    98.45   0.44
M    153.07   577    98.82   0.34   575    97.77   0.42
M    160.73   629    98.40   0.34   646    98.90   0.42
M    168.76   675    98.76   0.31   698    98.90   0.36
M    177.20   726    98.39   0.30   770    98.75   0.37
M    186.06   672    99.42   0.33   853    98.31   0.34
M    195.36   633    98.55   0.33   929    98.71   0.31
M    205.13   729    98.90   0.32  1030    99.01   0.29
M    215.39   920    98.35   0.32  1120    98.18   0.32
M    226.16  1241    98.84   0.25  1088    97.76   0.34
M    237.46  1179    98.56   0.26  1255    98.13   0.32
M    249.34  1023    98.47   0.27  1527    97.97   0.30
M    261.80  1127    98.31   0.26  1373    97.54   0.29
