###  1237665441515896903 0.186 30.0 99.930222
# method  r_pixel  n1 i1_cts i1_cts_err n2 i2_cts i2_cts_err
I      3.00    10   996.15  20.41     9   968.97  31.63
I      5.00    10   601.09  12.87     9   575.23   5.10
I      7.00    10   434.96   5.76     9   436.40   7.89
I      9.00    10   348.45   3.68     9   347.91   3.53
M     11.00    12   293.43   6.76    10   296.09   5.55
M     13.00    13   257.36   2.67    14   257.47   2.96
M     15.00    16   227.14   4.58    16   226.04   4.03
M     17.00    18   205.15   2.74    18   202.26   2.69
M     19.00    20   179.61   3.65    19   183.52   1.07
M     21.00    22   162.90   2.01    22   165.21   2.70
M     23.00    24   149.88   1.86    25   152.67   2.27
M     25.00    25   143.01   1.63    26   140.08   1.68
M     27.00    28   132.29   1.58    29   136.75   2.17
M     29.00    31   124.89   1.84    27   128.05   1.34
M     31.00    31   121.01   1.63    33   119.02   1.74
M     33.00    33   116.77   1.18    35   115.35   1.55
M     35.00    34   111.84   1.17    33   111.66   0.96
M     37.00    39   108.37   1.33    38   109.60   1.30
M     39.00    38   107.11   1.23    40   109.23   1.71
M     41.00    34   104.12   1.41    44   106.74   1.72
M     43.05    37   105.76   1.41    42   109.79   1.20
M     45.20    39   104.53   1.38    46   107.69   2.00
M     47.46    41   103.97   0.90    58   111.37   2.26
M     49.84    58   102.30   1.21    59   104.18   1.41
M     52.33    62   100.71   0.90    71   101.40   1.09
M     54.94    80    99.49   0.94    71   100.79   0.70
M     57.69    84   101.58   0.86    86   101.25   0.75
M     60.58    92   100.39   0.65    92   100.50   0.96
M     63.60    89    99.55   0.75    97   100.47   0.63
M     66.78    85    99.98   0.79   113    99.90   0.85
M     70.12    97   100.94   0.82   126    99.93   0.61
M     73.63    91    99.94   0.71   135   100.47   0.67
M     77.31   109   100.92   0.70   149    99.93   0.60
M     81.18   142    99.94   0.61   167   100.12   0.65
M     85.24   180   100.32   0.52   179    99.66   0.62
M     89.50   202    99.56   0.52   207    99.73   0.51
M     93.97   227   100.57   0.52   215    99.00   0.47
M     98.67   246   100.46   0.47   211   100.23   0.48
M    103.60   269    99.28   0.45   227    99.80   0.60
M    108.79   289    98.90   0.44   281   100.56   0.43
M    114.22   254    99.79   0.46   329   100.20   0.43
M    119.94   294    99.64   0.46   363    99.71   0.46
M    125.93   397    99.83   0.39   402    99.93   0.47
M    132.23   437    99.13   0.40   421    99.43   0.38
M    138.84   488   100.65   0.32   329    99.73   0.43
M    145.78   532   100.01   0.34   293    99.71   0.50
M    153.07   594    99.76   0.32   335   100.14   0.49
M    160.73   640    99.42   0.32   444    99.66   0.44
M    168.76   721    99.99   0.29   589   100.43   0.35
M    177.20   785   100.07   0.28   704   100.35   0.34
M    186.06   866    99.26   0.26   864    99.80   0.28
M    195.36   971    99.92   0.25   958    99.30   0.27
M    205.13  1050    99.80   0.23  1043    99.95   0.25
M    215.39  1152    99.54   0.22  1176    99.39   0.25
M    226.16  1293    99.53   0.22  1293    99.16   0.26
M    237.46  1433   100.25   0.21  1415    99.95   0.23
M    249.34  1557    99.93   0.18  1554    99.72   0.22
M    261.80  1489   100.13   0.17  1734   100.04   0.21
