###  1237667443511525379 0.1861 30.0 99.870659
# method  r_pixel  n1 i1_cts i1_cts_err n2 i2_cts i2_cts_err
I      3.00    10  4799.74  50.19     9  5386.86  93.32
I      5.00    10  2773.32  16.41     9  3016.54  55.84
I      7.00    10  1672.28  13.78     9  1842.81  36.06
I      9.00    10  1122.45   8.76     9  1189.53  12.91
M     11.00    11   819.43  23.33    11   868.03  25.82
M     13.00    13   633.24  15.31    13   665.42  23.41
M     15.00    16   510.09   9.34    17   529.16  10.93
M     17.00    18   434.49   5.78    18   444.01   7.15
M     19.00    20   374.49   4.23    19   387.99   4.71
M     21.00    21   337.29   3.89    22   347.35   4.17
M     23.00    18   309.85   1.51    22   315.25   3.54
M     25.00    26   286.95   2.11    27   291.64   2.82
M     27.00    30   267.88   2.31    29   271.25   1.96
M     29.00    26   249.50   1.00    30   253.34   2.69
M     31.00    33   236.25   2.07    34   240.64   1.89
M     33.00    34   219.04   1.61    29   227.79   1.90
M     35.00    32   209.84   1.52    36   214.92   2.07
M     37.00    37   199.00   1.13    37   206.05   1.29
M     39.00    42   197.37   1.22    41   197.40   1.18
M     41.00    43   187.72   1.12    44   189.21   1.34
M     43.05    47   180.84   1.54    44   181.65   1.18
M     45.20    52   169.31   1.05    50   172.24   1.05
M     47.46    53   162.90   0.96    54   162.02   1.15
M     49.84    64   153.44   1.23    63   151.93   1.08
M     52.33    68   142.93   0.93    65   145.72   0.89
M     54.94    79   135.24   0.86    77   138.30   0.79
M     57.69    84   129.98   0.84    84   132.66   0.68
M     60.58    88   127.70   0.66    88   129.41   0.68
M     63.60   103   123.97   0.66    98   124.99   0.71
M     66.78   109   120.16   0.62    83   123.30   0.74
M     70.12   124   117.97   0.61    84   119.49   0.83
M     73.63   123   115.14   0.60    81   118.23   0.66
M     77.31    91   114.06   0.70    88   116.08   0.49
M     81.18    54   111.22   0.69    35   113.66   0.94
M     85.24    30   111.43   1.36    21   111.40   1.21
M     89.50    25   110.10   0.84    35   108.45   1.07
M     93.97    52   108.54   0.77    42   108.18   0.40
M     98.67   110   105.78   0.53    65   106.96   0.63
M    103.60   140   105.07   0.49    87   106.22   0.67
M    108.79   185   105.03   0.51   101   105.68   0.51
M    114.22   255   104.37   0.36   141   105.32   0.46
M    119.94   353   104.43   0.34   282   104.18   0.32
M    125.93   394   103.00   0.34   401   103.31   0.28
M    132.23   434   102.13   0.32   351   102.43   0.29
M    138.84   475   102.37   0.28   347   102.42   0.30
M    145.78   532   102.24   0.28   409   101.49   0.29
M    153.07   581   101.56   0.26   548   101.61   0.22
M    160.73   642   101.12   0.26   404   101.45   0.26
M    168.76   709   100.57   0.25   382   101.27   0.28
M    177.20   784   100.65   0.24   430   100.60   0.26
M    186.06   849   100.39   0.22   533   100.22   0.24
M    195.36   896   100.37   0.21   697   100.19   0.20
M    205.13   975    99.92   0.21   902    99.89   0.17
M    215.39  1040   100.17   0.20   860   100.15   0.18
M    226.16  1237    99.99   0.18   874    99.94   0.18
M    237.46  1402   100.05   0.17  1033   100.04   0.17
M    249.34  1549    99.82   0.16  1036   100.05   0.17
M    261.80  1706    99.91   0.16  1468    99.89   0.13
