###  1237667322723631315 0.1861 30.0 98.711594
# method  r_pixel  n1 i1_cts i1_cts_err n2 i2_cts i2_cts_err
I      3.00    10   245.01   3.02     9   261.41   1.32
I      5.00    10   208.76   0.73     9   214.85   2.77
I      7.00    10   188.85   1.65     9   201.91   1.82
I      9.00    10   167.73   2.32     9   180.75   0.76
I     11.00    10   155.85   1.52     9   163.62   1.91
I     13.00    10   145.42   1.61     9   147.73   2.25
I     15.00    10   137.27   1.71     9   139.63   1.70
I     17.00    10   130.50   1.50     9   133.51   1.34
I     19.00    10   127.34   2.01     9   127.75   1.82
I     21.00    10   122.33   1.07     9   122.42   0.99
I     23.00    10   117.52   2.15     9   116.67   1.78
I     25.00    10   114.41   1.82     9   114.52   1.82
I     27.00    10   114.45   3.64     9   115.25   2.08
I     29.00    10   113.43   1.71     9   114.37   2.45
I     31.00    10   112.48   1.75     9   112.71   2.64
I     33.00    10   111.81   2.61     9   112.76   2.01
I     35.00    10   110.59   2.55     9   113.41   1.94
I     37.00    10   112.67   1.70     9   110.36   2.71
I     39.00    10   109.39   1.41     9   109.98   2.68
I     41.00    10   108.62   1.88     9   110.03   1.71
I     43.05    10   109.12   0.89     9   105.67   1.13
I     45.20    10   108.08   1.46     9   111.27   1.22
I     47.46    10   108.39   1.58     9   111.41   1.17
I     49.84    10   105.24   2.01     9   105.11   1.81
I     52.33    10   110.59   1.52     9   104.65   1.58
I     54.94    10   113.62   1.83     9   105.15   1.65
I     57.69    10   111.30   2.93     9   106.01   1.25
I     60.58    10   109.13   6.32     9   102.38   1.17
I     63.60    10   112.88  11.74     9   102.31   1.47
I     66.78    10   111.75  13.91     9    98.79   1.48
I     70.12    10   115.31  19.53     9   104.97   1.09
I     73.63    10   108.72  33.59     9   101.85   1.15
I     77.31    10   113.91  28.48     9    98.89   1.76
I     81.18    10   114.20  16.48     9   102.22   1.17
I     85.24    10   105.79  11.03     9   101.15   1.44
I     89.50    10   107.77   5.92     9   105.06   2.28
I     93.97    10   105.22   2.40     9   101.79   1.38
I     98.67    10   104.26   1.93     9   103.53   1.36
I    103.60    10   100.11   1.22     9   103.17   1.82
I    108.79    10    98.01   1.77     9   102.56   2.72
I    114.22    10    99.05   0.83     9    99.67   1.23
I    119.94    10    98.64   1.25     9   102.35   2.01
I    125.93    10    98.69   1.46     9    96.49   1.47
I    132.23    10    99.78   1.46     9   101.25   0.94
M    138.84   222   100.06   0.34   435    99.75   0.28
M    145.78   236    99.73   0.41   537    99.55   0.25
M    153.07   291    99.65   0.37   549    99.85   0.25
M    160.73   411   100.23   0.27   496    99.80   0.25
M    168.76   441    99.90   0.28   504    99.62   0.24
M    177.20   455    99.60   0.27   612   100.02   0.23
M    186.06   574   100.11   0.26   854   100.06   0.19
M    195.36   878    99.74   0.20   964   100.13   0.18
M    205.13  1024    99.77   0.19  1067    99.84   0.18
M    215.39  1107    99.89   0.19  1018    99.80   0.19
M    226.16  1101    99.86   0.18  1054   100.05   0.17
M    237.46  1294    99.84   0.17  1418    99.77   0.16
M    249.34  1567    99.76   0.15  1562    99.89   0.15
M    261.80  1717    99.38   0.14  1717   100.15   0.14
