###  1237665428089864334 0.1859 30.0 99.593033
# method  r_pixel  n1 i1_cts i1_cts_err n2 i2_cts i2_cts_err
I      3.00    20  2097.71  33.76    19  1034.54   6.38
I      5.00    20  1873.38  47.57    19   891.60   3.22
I      7.00    20  1413.87  29.27    19   755.69   3.86
I      9.00    20  1142.09  16.11    19   633.55   6.10
I     11.00    20   935.83  10.27    19   570.02   3.75
M     13.00    10   788.07  15.06    14   513.45   5.95
M     15.00    14   674.94  23.62    14   468.42   5.91
M     17.00    16   576.77   9.38    13   439.70   6.04
M     19.00    18   524.04   4.42    19   411.79   5.30
M     21.00    19   476.35   7.22    21   374.05   4.11
M     23.00    21   433.06   9.04    20   348.57   2.79
M     25.00    25   409.56   6.14    21   333.50   4.05
M     27.00    25   388.40   4.51    28   332.20   4.38
M     29.00    26   380.79   2.85    27   331.33   4.03
M     31.00    31   377.92   1.90    25   317.60   2.25
M     33.00    30   370.15   1.84    31   303.75   2.33
M     35.00    32   359.34   3.20    32   296.16   1.81
M     37.00    33   344.07   3.48    34   283.96   2.54
M     39.00    38   326.89   2.15    35   277.53   2.48
M     41.00    38   308.60   2.93    38   271.86   1.74
M     43.05    43   293.01   2.75    40   263.53   1.32
M     45.20    47   283.11   2.01    49   260.06   1.58
M     47.46    49   274.22   1.89    52   257.90   1.73
M     49.84    55   267.95   1.28    51   258.08   1.56
M     52.33    60   258.22   1.66    58   261.51   1.31
M     54.94    66   252.89   1.78    65   259.70   1.40
M     57.69    77   244.83   1.80    74   263.03   2.21
M     60.58    82   244.81   2.16    82   264.70   2.33
M     63.60    95   246.66   2.15    90   263.32   1.85
M     66.78   104   246.04   2.55   102   266.52   1.92
M     70.12   110   241.41   2.37   106   260.80   1.18
M     73.63   121   235.60   2.75   124   250.75   1.19
M     77.31   141   234.31   2.74   137   244.05   1.66
M     81.18   148   231.30   2.23   149   226.80   1.19
M     85.24   170   225.41   1.52   166   216.39   1.42
M     89.50   180   222.29   1.26   185   209.77   1.34
M     93.97   188   222.07   0.96   194   206.12   1.34
M     98.67   226   217.57   1.22   220   202.87   1.37
M    103.60   240   216.55   1.29   244   197.77   1.13
M    108.79   251   214.24   1.07   263   190.98   0.79
M    114.22   290   217.22   0.84   288   182.22   0.56
M    119.94   326   213.91   0.84   326   175.82   0.68
M    125.93   365   208.96   1.12   355   170.60   0.60
M    132.23   396   189.50   1.00   402   165.90   0.57
M    138.84   439   168.86   1.00   435   157.32   0.50
M    145.78   473   152.82   0.63   469   149.24   0.50
M    153.07   527   138.55   0.46   508   145.92   0.58
M    160.73   583   126.36   0.39   585   141.51   0.69
M    168.76   644   118.35   0.34   628   135.84   0.63
M    177.20   695   112.77   0.31   633   129.47   0.48
M    186.06   728   109.08   0.30   753   124.84   0.40
M    195.36   848   105.43   0.26   844   119.69   0.31
M    205.13   926   103.37   0.23   663   116.01   0.33
M    215.39  1018   102.17   0.21   543   112.74   0.33
M    226.16  1146   101.91   0.21   680   108.47   0.30
M    237.46  1271   101.34   0.20  1000   106.14   0.22
M    249.34  1412   100.85   0.18  1204   105.22   0.21
M    261.80  1548   100.61   0.17  1279   103.08   0.19
