###  1237667444585988328 0.186 30.0 99.658356
# method  r_pixel  n1 i1_cts i1_cts_err n2 i2_cts i2_cts_err
I      3.00    10   605.64   0.71     9   824.84   1.47
I      5.00    10   394.83   2.72     9   504.62   5.16
I      7.00    10   310.73   5.52     9   361.78   1.80
I      9.00    10   268.00   0.54     9   289.27   3.90
M     11.00    13   231.59   3.48    12   247.19   5.01
M     13.00    11   210.47   0.88    11   224.18   0.79
M     15.00    15   197.76   3.12    16   206.88   2.71
M     17.00    15   191.00   1.55    17   193.59   2.11
M     19.00    19   179.80   2.08    21   183.94   1.84
M     21.00    21   171.11   1.04    22   176.36   2.31
M     23.00    26   165.10   1.92    22   168.43   1.84
M     25.00    23   159.10   1.93    26   162.22   1.94
M     27.00    28   156.46   1.88    25   155.88   1.44
M     29.00    30   151.76   1.27    32   154.30   1.97
M     31.00    31   146.46   1.32    29   149.76   1.25
M     33.00    35   143.06   1.73    35   145.24   1.66
M     35.00    35   137.68   1.28    35   137.80   1.31
M     37.00    39   135.03   1.51    38   134.79   1.49
M     39.00    39   131.31   1.42    40   133.13   1.67
M     41.00    43   128.82   1.16    43   131.99   1.09
M     43.05    45   124.69   1.13    39   129.73   1.48
M     45.20    52   124.10   1.32    35   129.16   1.61
M     47.46    53   122.07   0.82    32   122.04   1.06
M     49.84    60   118.64   1.09    31   119.40   1.24
M     52.33    70   118.16   1.02    30   116.94   1.00
M     54.94    79   115.90   1.06    31   114.27   1.12
M     57.69    85   112.45   1.06    26   115.12   1.19
M     60.58    95   113.19   0.77    29   110.84   1.70
M     63.60   100   111.13   0.82    27   111.27   1.51
M     66.78   109   109.30   0.62    24   110.56   1.42
M     70.12   115   109.87   0.88    22   106.44   1.44
M     73.63   104   108.63   0.77    23   109.25   1.20
M     77.31   113   108.06   0.83    23   108.00   0.93
M     81.18   161   106.87   0.61    36   106.09   1.27
M     85.24   180   105.06   0.58    35   105.89   0.88
M     89.50   201   104.22   0.64    17   105.21   1.28
M     93.97   219   104.83   0.52    21   102.96   1.61
M     98.67   248   103.84   0.55    51   102.54   1.26
M    103.60   269   102.80   0.50   103   102.92   0.59
M    108.79   293   102.68   0.45   171   102.85   0.65
M    114.22   327   101.83   0.43   260   101.89   0.46
M    119.94   363   102.01   0.44   344   101.03   0.42
M    125.93   341   101.20   0.45   393   100.71   0.37
M    132.23   327   101.37   0.48   449   100.16   0.38
M    138.84   400   101.35   0.42   483   100.87   0.35
M    145.78   530    99.61   0.36   534   100.16   0.33
M    153.07   588   100.44   0.35   589    99.98   0.32
M    160.73   646   100.24   0.34   647    99.63   0.32
M    168.76   713    99.81   0.32   713    99.64   0.29
M    177.20   755    99.67   0.29   783    99.37   0.28
M    186.06   774   100.08   0.31   823    99.58   0.26
M    195.36   825   100.31   0.30   913    99.67   0.26
M    205.13   926   100.12   0.27  1018    99.61   0.26
M    215.39  1074    99.59   0.26   649    98.87   0.31
M    226.16  1271    99.85   0.22   578    99.16   0.29
M    237.46  1413   100.11   0.22  1174   100.02   0.23
M    249.34  1569    99.75   0.21  1426    99.65   0.22
M    261.80  1731    99.38   0.21  1436    99.58   0.22
