###  1237665440442351734 0.186 30.0 99.806969
# method  r_pixel  n1 i1_cts i1_cts_err n2 i2_cts i2_cts_err
I      3.00    14   662.26   2.84    13  1184.82   4.47
I      5.00    14   483.07   1.38    13   727.34   4.04
I      7.00    14   376.21   1.04    13   501.41   2.33
I      9.00    14   308.05   1.40    13   390.36   1.46
M     11.00    10   264.26   6.04    10   310.75   5.15
M     13.00    14   231.24   3.68    13   270.61   4.75
M     15.00    15   209.03   3.35    16   235.92   3.90
M     17.00    18   195.32   1.99    15   211.57   3.32
M     19.00    21   187.41   1.96    19   195.65   1.53
M     21.00    18   182.31   1.55    21   187.82   1.96
M     23.00    26   180.65   1.77    22   181.70   2.30
M     25.00    24   184.72   1.60    26   181.61   1.18
M     27.00    25   183.25   1.21    29   178.18   1.62
M     29.00    29   184.96   1.34    28   182.23   1.05
M     31.00    30   187.85   0.76    31   180.85   1.44
M     33.00    31   184.40   1.29    33   186.71   1.52
M     35.00    36   183.93   1.73    34   183.79   1.21
M     37.00    36   182.49   1.16    38   182.49   0.70
M     39.00    36   177.50   0.90    36   181.97   0.90
M     41.00    43   175.58   0.89    44   178.34   1.05
M     43.05    44   168.94   1.12    44   171.59   1.16
M     45.20    44   163.02   0.91    52   169.95   0.87
M     47.46    58   156.57   0.99    52   162.41   0.80
M     49.84    60   147.84   0.98    61   154.80   0.83
M     52.33    67   141.87   0.94    63   146.13   0.86
M     54.94    75   132.58   0.95    76   139.01   0.82
M     57.69    81   126.14   0.85    77   130.85   0.73
M     60.58    89   122.47   0.78    89   124.80   0.58
M     63.60    96   118.10   0.54   102   119.99   0.62
M     66.78   109   115.23   0.64   106   117.20   0.66
M     70.12   118   111.60   0.62   121   115.15   0.60
M     73.63   134   111.08   0.52   131   111.48   0.50
M     77.31   142   109.14   0.52   146   109.72   0.47
M     81.18   160   106.78   0.50   157   107.81   0.46
M     85.24   172   105.77   0.43   176   105.94   0.48
M     89.50   190   105.23   0.40   199   104.88   0.53
M     93.97   212   103.90   0.34   211   103.52   0.41
M     98.67   200   103.44   0.46   194   102.95   0.45
M    103.60   195   102.45   0.47   156   101.87   0.53
M    108.79   206   101.99   0.49   150   101.61   0.44
M    114.22   224   101.25   0.41   167   100.84   0.43
M    119.94   251   100.60   0.45   193   101.18   0.41
M    125.93   290   100.91   0.38   241   100.69   0.40
M    132.23   344   101.19   0.35   404   100.03   0.31
M    138.84   420    99.74   0.31   468    99.83   0.30
M    145.78   516    99.95   0.27   516   100.00   0.28
M    153.07   539    99.88   0.28   568    99.18   0.25
M    160.73   504    99.56   0.29   627    99.57   0.25
M    168.76   500   100.23   0.28   687    99.80   0.24
M    177.20   540    99.65   0.27   763    99.80   0.23
M    186.06   607    99.96   0.27   836    99.37   0.21
M    195.36   706   100.13   0.23   934    99.78   0.20
M    205.13   850    99.56   0.21  1009    99.83   0.20
M    215.39  1020    99.63   0.19   964    99.85   0.21
M    226.16  1224    99.72   0.19  1073   100.23   0.20
M    237.46  1360    99.73   0.17  1206   100.72   0.19
M    249.34  1516    99.78   0.17  1052   100.65   0.19
M    261.80  1652    99.84   0.16   999   100.60   0.21
