###  1237667323798159456 0.1859 30.0 99.818001
# method  r_pixel  n1 i1_cts i1_cts_err n2 i2_cts i2_cts_err
I      3.00    10   832.49  29.63     9  1128.45  57.67
I      5.00    10   600.95  17.05     9   805.59  39.02
I      7.00    10   493.73  15.54     9   619.32  26.37
I      9.00    10   416.01  15.30     9   529.18  13.56
M     11.00    12   367.66  10.54    11   446.09   6.78
M     13.00    14   325.58  10.38    12   406.16   4.55
M     15.00    15   299.18   8.42    15   368.81   4.80
M     17.00    18   276.23   5.07    16   339.56   1.82
M     19.00    18   258.99   3.40    19   318.98   2.53
M     21.00    23   247.54   2.81    23   294.07   3.12
M     23.00    25   234.97   3.39    23   274.16   2.00
M     25.00    26   228.68   2.23    24   260.16   2.70
M     27.00    26   224.73   1.74    28   246.47   2.34
M     29.00    31   228.05   2.04    29   237.47   2.36
M     31.00    30   224.92   1.67    31   217.05   1.73
M     33.00    32   217.10   1.57    35   200.75   2.36
M     35.00    38   210.29   2.46    37   183.34   1.67
M     37.00    38   194.38   2.00    38   171.52   1.94
M     39.00    40   180.87   1.38    39   163.80   1.79
M     41.00    40   165.57   1.37    42   152.77   1.44
M     43.05    47   154.22   1.14    43   144.94   1.12
M     45.20    51   145.82   1.19    49   139.75   0.87
M     47.46    57   138.33   0.89    54   136.57   1.04
M     49.84    57   133.62   0.71    66   132.04   0.92
M     52.33    67   130.09   0.50    66   128.31   0.83
M     54.94    76   126.79   0.71    74   125.63   0.67
M     57.69    80   123.79   0.69    81   121.66   0.73
M     60.58    92   121.14   0.71    97   119.63   0.62
M     63.60    96   117.29   0.67   103   116.49   0.59
M     66.78   113   113.56   0.52   108   115.14   0.58
M     70.12   121   110.54   0.55   119   111.99   0.59
M     73.63   113   107.60   0.60   134   110.96   0.49
M     77.31   102   106.89   0.49   150   109.86   0.46
M     81.18   118   106.57   0.51   129   107.72   0.53
M     85.24    90   105.58   0.62   113   106.89   0.62
M     89.50    74   105.50   0.56    59   105.43   0.88
M     93.97    70   105.12   0.70    39   107.07   0.76
M     98.67    59   105.77   0.83    17   103.07   1.46
M    103.60    58   103.25   1.11    27   104.67   1.31
M    108.79    54   103.67   0.81    47   102.96   0.75
M    114.22    51   103.58   0.65    74   102.66   0.66
M    119.94    53   103.49   0.73   281   101.83   0.28
M    125.93    62   102.04   0.62   395   101.72   0.24
M    132.23    60   102.13   0.64   440   101.77   0.26
M    138.84    95   101.93   0.48   483   100.76   0.21
M    145.78   202   100.31   0.40   538   100.62   0.23
M    153.07   359   100.29   0.28   586   100.26   0.19
M    160.73   633    99.81   0.22   643    99.67   0.18
M    168.76   708    99.97   0.20   717    99.79   0.17
M    177.20   783    99.61   0.20   784    99.74   0.17
M    186.06   861    99.48   0.19   865    99.47   0.16
M    195.36   940    99.50   0.16   955    99.96   0.15
M    205.13  1043    99.57   0.16  1057    99.82   0.15
M    215.39  1161    99.46   0.16  1164    99.79   0.14
M    226.16  1270    99.64   0.16  1268    99.56   0.12
M    237.46  1396    99.28   0.15  1351    99.72   0.12
M    249.34  1272    99.69   0.16  1214    99.61   0.13
M    261.80  1278    99.82   0.15  1249    99.51   0.14
