###  1237665428090257496 0.1861 30.0 99.544563
# method  r_pixel  n1 i1_cts i1_cts_err n2 i2_cts i2_cts_err
I      3.00    18  2584.84  19.14    17  3841.44  17.80
I      5.00    18  1647.60  12.77    17  2364.28  18.87
I      7.00    18  1121.61  11.43    17  1546.69  16.94
I      9.00    18   838.16   8.90    17  1077.22  10.18
I     11.00    18   677.37   5.16    17   817.20   6.19
M     13.00    12   591.74   6.97    14   689.70  14.36
M     15.00    14   531.19   8.78    14   589.53   9.02
M     17.00    16   476.01   4.02    17   526.76   4.52
M     19.00    17   427.82   4.34    16   478.01   4.30
M     21.00    17   400.56   2.71    21   436.90   5.12
M     23.00    21   367.23   2.89    23   400.14   3.94
M     25.00    25   344.75   3.59    22   370.18   2.96
M     27.00    25   324.99   3.59    21   346.43   1.68
M     29.00    30   310.84   2.30    31   325.49   2.54
M     31.00    31   290.78   2.16    30   304.49   2.45
M     33.00    33   282.15   2.43    33   292.88   1.66
M     35.00    32   271.31   1.67    32   279.82   1.93
M     37.00    39   258.73   2.00    37   269.99   1.35
M     39.00    37   254.53   1.48    37   263.67   1.54
M     41.00    41   250.13   1.44    39   251.76   1.46
M     43.05    44   243.64   1.44    42   248.14   1.00
M     45.20    45   243.03   1.35    48   244.00   0.93
M     47.46    53   239.19   1.59    51   240.95   0.98
M     49.84    58   239.00   2.17    57   237.55   1.09
M     52.33    64   234.44   2.05    65   238.28   1.35
M     54.94    74   230.44   2.24    71   236.94   1.95
M     57.69    78   225.12   2.06    76   234.64   2.30
M     60.58    82   223.15   1.32    90   229.50   2.24
M     63.60    97   215.69   1.22    91   225.03   1.82
M     66.78   105   206.17   1.11   105   217.06   2.33
M     70.12   117   192.02   1.01   119   204.27   1.72
M     73.63   127   175.41   1.06   123   187.23   1.28
M     77.31   134   161.09   0.77   143   170.51   0.75
M     81.18   155   149.48   0.66   155   156.09   0.89
M     85.24   173   139.47   0.63   170   145.97   0.70
M     89.50   187   131.48   0.55   189   135.03   0.59
M     93.97   211   124.20   0.48   210   127.59   0.59
M     98.67   227   119.44   0.50   226   122.65   0.50
M    103.60   242   116.61   0.43   253   117.75   0.44
M    108.79   212   114.72   0.48   273   114.53   0.39
M    114.22   184   112.48   0.55   248   112.07   0.44
M    119.94   217   112.83   0.66   131   110.21   0.64
M    125.93   277   110.16   0.49    66   108.80   0.80
M    132.23   303   107.22   0.43    60   108.47   0.94
M    138.84   380   106.27   0.39   161   106.64   0.46
M    145.78   432   105.55   0.37   249   105.31   0.48
M    153.07   421   104.71   0.33   353   105.61   0.37
M    160.73   542   103.43   0.29   492   103.52   0.34
M    168.76   601   103.10   0.31   512   103.71   0.33
M    177.20   646   102.54   0.31   568   102.16   0.29
M    186.06   716   101.81   0.25   675   101.77   0.28
M    195.36   885   101.90   0.24   790   101.21   0.24
M    205.13   996   100.28   0.23   984   100.79   0.25
M    215.39  1076   100.58   0.22  1090   100.60   0.21
M    226.16  1195   100.07   0.20   959   100.25   0.22
M    237.46  1323   100.27   0.19   950   100.41   0.23
M    249.34  1452    99.73   0.18  1188   100.48   0.21
M    261.80  1606    99.92   0.17  1603   100.21   0.19
