###  1237667444048789861 0.1859 30.0 99.624023
# method  r_pixel  n1 i1_cts i1_cts_err n2 i2_cts i2_cts_err
I      3.00    10  1753.37   8.71     9  2759.31  46.62
I      5.00    10   996.22   2.35     9  1519.47  10.88
I      7.00    10   645.32   4.30     9   898.14   4.00
I      9.00    10   466.30   1.96     9   594.96   5.03
M     11.00    12   358.93   7.61    11   439.88  14.11
M     13.00    12   288.90   5.88    13   346.25   8.97
M     15.00    15   247.64   2.39    17   287.07   5.20
M     17.00    16   221.11   3.10    17   243.17   2.88
M     19.00    19   196.98   2.38    21   214.03   2.57
M     21.00    21   180.11   2.48    21   192.39   2.92
M     23.00    23   167.65   0.90    23   176.26   2.12
M     25.00    25   158.97   1.79    27   169.27   2.02
M     27.00    28   151.31   1.53    26   161.62   1.59
M     29.00    28   146.75   1.70    33   152.87   1.40
M     31.00    33   141.91   1.25    29   145.57   1.91
M     33.00    32   137.35   1.02    30   143.42   1.59
M     35.00    37   135.68   1.55    32   141.26   2.05
M     37.00    38   129.27   0.95    36   133.97   1.15
M     39.00    41   124.41   1.22    41   129.88   1.53
M     41.00    43   124.29   1.60    40   126.42   1.16
M     43.05    45   122.64   1.08    43   125.43   1.16
M     45.20    43   120.89   1.60    54   121.38   1.43
M     47.46    27   120.00   2.36    59   118.14   1.41
M     49.84    10   111.73   1.78    62   116.49   1.24
I     52.33    10   114.65   2.04     9   117.57   2.03
M     54.94    10   110.76   2.25    73   113.64   0.94
M     57.69    14   110.85   1.45    83   112.66   0.93
M     60.58    19   109.62   0.68    93   110.80   0.87
M     63.60    33   109.25   1.59    99   110.67   0.84
M     66.78    55   109.00   0.96   114   108.55   0.90
M     70.12   115   105.43   0.83   121   108.07   0.71
M     73.63   136   106.23   0.67   135   105.89   0.74
M     77.31   150   104.83   0.63   154   105.44   0.71
M     81.18   165   104.34   0.64   167   104.43   0.56
M     85.24   180   103.88   0.59   180   102.90   0.54
M     89.50   199   103.21   0.56   200   104.21   0.55
M     93.97   219   101.46   0.53   221   101.87   0.57
M     98.67   243   101.88   0.53   244   102.01   0.54
M    103.60   246   101.81   0.56   268   102.27   0.48
M    108.79   255   100.82   0.52   294   101.21   0.49
M    114.22   268   100.02   0.48   257   100.88   0.54
M    119.94   272   100.98   0.45   266   101.58   0.54
M    125.93   303   100.24   0.49   284   100.95   0.50
M    132.23   328   100.20   0.44   316   101.23   0.45
M    138.84   361    99.84   0.39   368   100.62   0.41
M    145.78   320    99.54   0.46   489   100.70   0.38
M    153.07   312   100.03   0.51   591   100.32   0.37
M    160.73   404   100.03   0.41   655   100.17   0.34
M    168.76   474    99.46   0.34   710   100.37   0.30
M    177.20   588    99.66   0.32   788   100.08   0.29
M    186.06   710    99.30   0.28   867    99.82   0.27
M    195.36   916    99.60   0.27   962    99.84   0.26
M    205.13  1039    98.91   0.25  1060   100.19   0.26
M    215.39  1130    99.09   0.24  1165   100.00   0.24
M    226.16   838    99.37   0.27  1281    99.77   0.22
M    237.46   788    99.45   0.29  1412   100.16   0.22
M    249.34   909    99.31   0.26  1483    99.91   0.21
M    261.80  1298    99.90   0.23  1679    99.53   0.20
