###  1237667324334833744 0.1861 30.0 99.545883
# method  r_pixel  n1 i1_cts i1_cts_err n2 i2_cts i2_cts_err
I      3.00    14   955.44   6.35    13  2494.43 107.43
I      5.00    14   728.95   3.06    13  1724.70  80.16
I      7.00    14   579.59   3.79    13  1116.93  41.85
I      9.00    14   479.24   4.38    13   788.78  19.57
M     11.00    11   424.64   4.65    10   628.56  21.68
M     13.00    12   371.21   4.34    14   523.52  12.42
M     15.00    14   342.73   4.77    15   445.06   6.85
M     17.00    17   315.79   3.26    16   393.92   6.83
M     19.00    18   297.63   2.37    19   352.80   3.51
M     21.00    22   276.95   2.80    18   327.26   2.00
M     23.00    21   258.51   1.98    23   306.80   2.65
M     25.00    27   251.93   2.27    17   290.10   0.85
M     27.00    27   240.00   1.43    30   271.93   2.12
M     29.00    29   234.41   1.74    30   257.85   3.07
M     31.00    29   226.82   1.74    29   246.54   2.21
M     33.00    33   222.01   1.74    33   238.59   2.30
M     35.00    35   217.17   1.30    33   234.34   1.93
M     37.00    35   211.93   1.25    39   226.21   1.78
M     39.00    37   204.21   0.99    38   221.01   1.92
M     41.00    38   202.79   1.00    40   213.42   1.24
M     43.05    45   200.54   1.57    42   211.32   1.28
M     45.20    51   198.33   1.79    47   206.28   1.51
M     47.46    52   194.16   2.28    54   204.85   1.90
M     49.84    63   190.38   2.32    62   199.48   2.61
M     52.33    66   189.53   3.23    69   197.70   2.75
M     54.94    76   187.85   2.99    71   194.80   2.78
M     57.69    80   183.56   3.70    83   192.08   2.76
M     60.58    92   181.76   3.49    88   189.63   2.79
M     63.60    99   175.43   3.10   102   191.02   2.97
M     66.78   106   166.19   2.09   111   187.34   2.56
M     70.12   117   161.87   1.73   117   180.35   2.41
M     73.63   136   158.96   1.31   131   173.31   1.73
M     77.31   143   157.70   1.05   146   166.98   1.67
M     81.18   158   151.91   0.84   161   160.69   1.23
M     85.24   177   145.38   0.64   170   150.84   0.88
M     89.50   195   139.42   0.53   192   143.20   0.59
M     93.97   215   134.21   0.55   208   135.97   0.63
M     98.67   230   130.98   0.50   234   130.69   0.66
M    103.60   261   127.53   0.40   263   125.68   0.62
M    108.79   279   122.76   0.49   283   122.92   0.53
M    114.22   268   118.03   0.51   311   119.68   0.53
M    119.94   247   115.80   0.45   350   115.58   0.54
M    125.93   263   113.00   0.51   380   112.53   0.54
M    132.23   251   109.59   0.51   421   109.80   0.45
M    138.84   240   108.11   0.47   471   107.28   0.41
M    145.78   222   105.66   0.43   512   105.18   0.39
M    153.07   217   104.73   0.44   556   103.42   0.35
M    160.73   214   103.44   0.42   619   103.22   0.36
M    168.76   263   102.54   0.41   693   101.31   0.29
M    177.20   599   101.88   0.26   592   100.74   0.31
M    186.06   837   101.37   0.25   583   100.92   0.37
M    195.36   919   100.99   0.23   683    99.89   0.31
M    205.13  1014   100.88   0.21   992   100.15   0.25
M    215.39  1113   100.36   0.19  1126   100.32   0.25
M    226.16  1241    99.78   0.19  1223    99.77   0.22
M    237.46  1171    99.99   0.20  1358    99.97   0.21
M    249.34  1318   100.23   0.17  1496    99.94   0.21
M    261.80  1639    99.93   0.16  1640    99.80   0.19
