###  1237665440442089601 0.186 30.0 99.574715
# method  r_pixel  n1 i1_cts i1_cts_err n2 i2_cts i2_cts_err
I      3.00    10   900.32  11.81     9  1221.65  18.33
I      5.00    10   674.20   9.35     9   896.86  10.64
I      7.00    10   513.20   1.49     9   640.59   7.23
I      9.00    10   405.28   2.69     9   466.46   3.49
M     11.00    12   327.34   7.18    13   374.59   9.19
M     13.00    13   281.57   2.03    14   308.34   4.37
M     15.00    15   255.69   3.75    16   272.89   3.21
M     17.00    15   233.82   1.50    16   247.32   2.56
M     19.00    19   217.15   2.65    19   229.12   2.19
M     21.00    22   204.15   1.64    22   214.84   2.36
M     23.00    22   191.45   1.36    23   199.42   2.00
M     25.00    27   182.45   1.83    26   186.08   1.33
M     27.00    27   171.17   1.31    26   175.80   2.13
M     29.00    27   165.79   1.19    30   170.70   1.53
M     31.00    33   161.38   1.03    32   162.49   1.28
M     33.00    34   155.92   1.17    36   158.97   1.25
M     35.00    38   153.10   1.21    37   154.29   1.18
M     37.00    35   151.76   0.98    38   153.85   1.29
M     39.00    37   146.19   0.74    38   149.17   1.29
M     41.00    41   142.26   1.20    43   146.73   1.03
M     43.05    43   138.31   0.86    47   141.27   1.36
M     45.20    52   135.18   1.14    50   136.57   0.89
M     47.46    58   129.51   1.41    60   132.35   1.09
M     49.84    62   127.64   0.93    61   128.49   1.04
M     52.33    69   125.88   0.79    71   124.52   0.81
M     54.94    73   123.54   0.80    72   124.62   0.73
M     57.69    85   122.70   0.98    82   122.21   0.82
M     60.58    97   123.20   0.94    97   121.42   0.74
M     63.60    94   122.80   0.86   103   118.22   0.67
M     66.78   103   120.51   0.86    85   118.95   0.73
M     70.12   107   119.24   0.90    63   117.46   1.00
M     73.63   116   114.67   0.61    64   114.66   0.97
M     77.31   129   111.66   0.64    65   111.09   0.88
M     81.18   146   108.24   0.56    62   108.36   0.96
M     85.24   176   106.89   0.56    65   106.73   0.79
M     89.50   204   105.82   0.51    63   108.13   0.94
M     93.97   180   105.01   0.56    69   105.94   0.88
M     98.67   140   104.73   0.65    83   104.25   0.68
M    103.60   132   104.08   0.49    93   103.40   0.63
M    108.79   154   102.94   0.63   100   102.98   0.70
M    114.22   210   102.50   0.52   100   101.70   0.60
M    119.94   340   102.24   0.37   117   102.31   0.52
M    125.93   388   101.61   0.34   239   102.83   0.45
M    132.23   437   101.70   0.33   411   101.75   0.34
M    138.84   484   100.73   0.30   482   100.89   0.31
M    145.78   433   100.23   0.34   528   100.20   0.28
M    153.07   338   100.25   0.38   580   101.20   0.27
M    160.73   516   100.42   0.29   651   100.25   0.26
M    168.76   632   100.08   0.27   714    99.76   0.25
M    177.20   702    99.56   0.24   731    99.99   0.22
M    186.06   825    99.39   0.23   775    99.61   0.25
M    195.36   870    99.54   0.24   957    99.54   0.22
M    205.13   831    99.45   0.25  1042    99.71   0.20
M    215.39   957    99.29   0.23  1161    99.47   0.19
M    226.16  1246    99.27   0.20  1279    99.33   0.20
M    237.46  1422    99.26   0.19  1337   100.09   0.19
M    249.34  1557    99.80   0.17  1299    99.97   0.20
M    261.80  1708    99.56   0.16  1216    99.66   0.20
