###  1237667444585726015 0.1861 30.0 99.614876
# method  r_pixel  n1 i1_cts i1_cts_err n2 i2_cts i2_cts_err
I      3.00    10  1611.06   5.15     9  1526.25  58.64
I      5.00    10   854.07   5.70     9   794.29  25.24
I      7.00    10   533.99   5.45     9   505.31  13.30
I      9.00    10   390.59   3.32     9   381.53   6.02
M     11.00    10   316.77   7.37    10   308.93   8.54
M     13.00    15   262.42   4.76    13   259.61   6.08
M     15.00    15   223.56   2.85    17   225.57   3.92
M     17.00    17   205.01   0.78    18   204.27   2.01
M     19.00    18   190.23   2.25    19   190.06   2.59
M     21.00    22   174.35   3.02    20   176.34   1.83
M     23.00    21   167.08   1.14    24   167.31   1.38
M     25.00    23   159.73   1.38    27   159.47   2.04
M     27.00    29   156.78   1.68    28   153.74   1.40
M     29.00    31   150.71   1.38    29   148.99   1.93
M     31.00    27   150.21   1.53    31   144.61   1.54
M     33.00    35   143.96   1.46    34   142.24   1.40
M     35.00    35   137.89   1.09    35   139.60   1.44
M     37.00    40   135.00   2.04    39   134.63   1.10
M     39.00    41   132.55   1.72    40   134.26   1.12
M     41.00    39   131.60   1.38    44   131.97   1.44
M     43.05    48   126.38   1.34    44   129.62   1.05
M     45.20    53   126.57   1.26    51   128.56   0.98
M     47.46    56   125.75   1.22    55   124.02   0.98
M     49.84    58   122.48   0.97    60   122.59   0.94
M     52.33    71   123.36   1.07    71   119.95   1.21
M     54.94    76   122.05   0.80    76   117.60   0.77
M     57.69    84   120.19   1.08    81   117.02   0.79
M     60.58    92   118.41   0.78    92   118.21   0.76
M     63.60    77   117.38   0.77    93   118.07   0.65
M     66.78    55   116.07   1.01   110   119.13   1.04
M     70.12    61   115.09   0.87   107   117.47   0.91
M     73.63    87   114.03   0.93    80   114.36   0.89
M     77.31   111   113.15   0.78    68   112.22   0.82
M     81.18   140   110.71   0.64    29   109.85   1.54
I     85.24    10   106.46   2.86     9   106.49   1.72
I     89.50    10   110.92   1.56     9   107.72   0.98
M     93.97   123   106.79   0.67    56   106.92   1.04
M     98.67   239   105.52   0.43   182   104.67   0.49
M    103.60   220   104.66   0.54   248   103.75   0.40
M    108.79   218   103.67   0.46   292   102.95   0.41
M    114.22   250   102.35   0.51   328   102.17   0.37
M    119.94   289   102.45   0.42   356   101.88   0.35
M    125.93   389   102.02   0.40   391   101.67   0.31
M    132.23   439   101.79   0.41   438   100.76   0.36
M    138.84   484   101.38   0.36   489   100.47   0.34
M    145.78   461   101.60   0.34   530    99.39   0.30
M    153.07   523   100.75   0.31   581    99.92   0.32
M    160.73   647   101.02   0.29   650    99.66   0.30
M    168.76   721   101.06   0.28   702    98.89   0.27
M    177.20   777   100.65   0.26   783    98.50   0.28
M    186.06   866   101.04   0.23   870    99.32   0.27
M    195.36   951   100.00   0.22   937    98.40   0.23
M    205.13  1041   100.14   0.21  1052    98.65   0.24
M    215.39  1157   100.35   0.20  1069    98.74   0.24
M    226.16  1279    99.92   0.19  1003    99.21   0.26
M    237.46  1407    99.89   0.17   982    98.85   0.25
M    249.34  1551   100.17   0.17  1098    98.91   0.22
M    261.80  1715    99.82   0.15  1223    99.22   0.22
