###  1237667324334964917 0.1859 30.0 99.835091
# method  r_pixel  n1 i1_cts i1_cts_err n2 i2_cts i2_cts_err
I      3.00    18   651.06   1.84    17   814.08   3.96
I      5.00    18   547.35   3.28    17   599.26   5.74
I      7.00    18   482.39   3.28    17   518.12   5.47
I      9.00    18   444.60   1.56    17   453.72   3.37
M     11.00    10   408.22   4.68    10   426.81   7.45
M     13.00    12   384.29   3.14    10   402.99   4.89
M     15.00    15   373.22   3.07    14   392.50   2.77
M     17.00    15   355.83   4.95    18   378.39   3.22
M     19.00    19   327.67   2.38    18   359.74   3.18
M     21.00    19   317.11   2.21    20   336.77   1.90
M     23.00    23   305.21   1.69    21   316.15   2.63
M     25.00    25   287.82   2.32    23   299.66   2.28
M     27.00    23   271.97   1.28    27   283.94   2.80
M     29.00    22   258.11   1.31    27   274.74   1.33
M     31.00    29   247.64   1.87    30   266.00   1.52
M     33.00    32   241.87   1.74    32   257.55   1.50
M     35.00    35   233.70   1.84    31   247.85   2.53
M     37.00    36   227.37   1.89    32   228.26   1.46
M     39.00    36   213.38   1.99    39   217.54   1.66
M     41.00    37   202.36   1.70    38   202.35   2.11
M     43.05    43   187.66   1.86    41   189.24   1.42
M     45.20    46   173.45   1.36    49   180.11   1.28
M     47.46    54   160.65   1.28    52   167.70   1.27
M     49.84    59   150.11   1.21    58   158.31   1.37
M     52.33    62   138.49   0.96    68   148.29   1.32
M     54.94    71   131.04   1.06    66   140.93   0.92
M     57.69    77   124.92   0.83    80   132.06   1.01
M     60.58    87   121.14   0.87    80   126.47   0.91
M     63.60    96   116.42   0.78    95   121.97   0.91
M     66.78   102   114.16   0.76   104   115.82   0.81
M     70.12   112   112.45   0.60   117   114.07   0.61
M     73.63   125   109.81   0.69   127   110.73   0.59
M     77.31   139   108.19   0.56   140   107.87   0.63
M     81.18   154   106.39   0.60   144   107.09   0.50
M     85.24   140   106.45   0.66   163   105.70   0.55
M     89.50   107   103.84   0.55   149   104.19   0.58
M     93.97   104   102.78   0.76   148   103.61   0.48
M     98.67   103   102.03   0.76   183   103.08   0.47
M    103.60   128   100.97   0.63   223   102.55   0.42
M    108.79   204   100.68   0.44   159   101.27   0.48
M    114.22   299   101.15   0.38   126   100.61   0.62
M    119.94   329   101.41   0.39   105   100.46   0.72
M    125.93   374   100.53   0.37    94   100.57   0.68
M    132.23   402   100.73   0.37    96   100.57   0.70
M    138.84   438   100.49   0.30    92    99.44   0.63
M    145.78   489   100.10   0.30   106   100.10   0.80
M    153.07   539   100.70   0.32   110    99.81   0.60
M    160.73   595   100.25   0.27   127    99.79   0.47
M    168.76   663    99.78   0.26   168   100.76   0.49
M    177.20   670   100.08   0.29   261   100.06   0.40
M    186.06   722    99.82   0.27   575    99.85   0.28
M    195.36   883   100.23   0.23   885    99.69   0.24
M    205.13   981   100.21   0.23   918    99.43   0.23
M    215.39  1077   100.06   0.23   984    99.88   0.24
M    226.16  1188   100.17   0.20   996    99.51   0.21
M    237.46  1084   100.06   0.21  1165    99.55   0.21
M    249.34  1075    99.70   0.21  1447    99.88   0.18
M    261.80  1389    99.85   0.18  1585    99.62   0.17
