###  1237665440979353636 0.186 30.0 99.965408
# method  r_pixel  n1 i1_cts i1_cts_err n2 i2_cts i2_cts_err
I      3.00    16  2323.60  15.98    15  3132.75  71.79
I      5.00    16  1531.57  15.24    15  1957.65  31.02
I      7.00    16  1052.24  16.15    15  1284.28  24.08
I      9.00    16   763.15   8.18    15   906.93  19.70
I     11.00    16   608.22   7.28    15   693.18  17.03
M     13.00    11   510.95   9.66    12   563.07  12.22
M     15.00    16   434.48   6.55    14   467.09   8.21
M     17.00    17   371.86   5.63    16   399.77   7.23
M     19.00    18   340.13   2.52    18   355.15   4.68
M     21.00    20   304.70   3.11    21   321.33   5.61
M     23.00    24   276.75   2.75    23   291.87   2.23
M     25.00    21   263.31   1.93    24   270.65   2.32
M     27.00    26   241.12   2.97    27   258.33   2.68
M     29.00    26   229.60   1.70    26   239.80   2.94
M     31.00    29   219.25   2.55    21   232.70   1.92
M     33.00    28   211.94   1.99    10   223.58   4.12
I     35.00    16   196.91   1.60    15   209.85   2.46
I     37.00    16   191.04   2.95    15   201.68   2.37
I     39.00    16   184.58   1.94    15   191.02   2.71
I     41.00    16   178.83   1.44    15   188.89   2.34
I     43.05    16   169.47   1.85    15   176.33   2.71
I     45.20    16   162.12   2.99    15   169.95   2.06
I     47.46    16   150.47   2.77    15   162.19   2.20
I     49.84    16   148.65   3.16    15   162.50   2.52
I     52.33    16   143.84   1.48    15   151.81   2.01
I     54.94    16   141.79   2.71    15   149.91   2.19
I     57.69    16   139.94   2.33    15   143.41   2.36
I     60.58    16   135.53   2.61    15   144.03   3.30
I     63.60    16   133.69   2.35    15   138.87   2.70
I     66.78    16   120.41   1.90    15   133.79   4.48
I     70.12    16   123.59   2.49    15   133.78   7.32
I     73.63    16   123.53   2.25    15   127.95  14.51
I     77.31    16   117.66   3.76    15   122.89   7.13
I     81.18    16   114.77   2.40    15   113.89   3.08
I     85.24    16   112.70   1.48    15   112.05   2.62
I     89.50    16   107.07   1.90    15   109.88   0.97
I     93.97    16   102.72   2.37    15   108.24   1.91
I     98.67    16   105.15   1.68    15   107.59   2.01
I    103.60    16   103.19   2.36    15   101.96   1.30
M    108.79   286   103.41   0.58    14   105.54   3.85
M    114.22   315   102.60   0.53    84   102.44   1.00
M    119.94   339   101.96   0.45   155   102.10   0.85
M    125.93   375   101.48   0.46   260   100.18   0.49
M    132.23   412   100.01   0.45   316    99.59   0.47
M    138.84   464   100.56   0.40   323   101.02   0.44
M    145.78   509   100.52   0.39   364   100.60   0.47
M    153.07   552   100.77   0.36   421    99.88   0.39
M    160.73   608   100.42   0.34   564   100.00   0.32
M    168.76   678    99.60   0.36   677   100.58   0.29
M    177.20   611   100.31   0.37   740    99.85   0.27
M    186.06   607    99.75   0.38   742   100.18   0.26
M    195.36   663   100.19   0.34   639    99.84   0.28
M    205.13   793    99.52   0.33   600   100.57   0.29
M    215.39   952   100.00   0.30   967   100.12   0.23
M    226.16  1179   100.04   0.29  1156    99.80   0.22
M    237.46  1143    99.31   0.28  1341    99.86   0.21
M    249.34  1162   100.28   0.28  1483    99.76   0.21
M    261.80  1595   100.60   0.23  1611   100.39   0.18
