###  1237667324334637091 0.1861 30.0 99.539886
# method  r_pixel  n1 i1_cts i1_cts_err n2 i2_cts i2_cts_err
I      3.00    16  1020.03   4.64    15  1470.95   6.40
I      5.00    16   711.79   5.64    15  1012.79   9.04
I      7.00    16   564.25   3.91    15   726.37   4.42
I      9.00    16   478.19   5.79    15   569.56   7.09
I     11.00    16   418.83   0.84    15   472.91   3.34
I     13.00    16   381.67   2.11    15   422.24   1.70
M     15.00    15   342.34   5.68    15   375.24   6.91
M     17.00    16   317.82   4.00    15   344.57   4.17
M     19.00    20   286.93   2.85    18   316.49   3.43
M     21.00    19   266.31   1.90    20   285.86   3.03
M     23.00    20   246.69   2.01    20   266.38   1.62
M     25.00    24   231.94   2.00    23   251.01   2.18
M     27.00    28   220.41   2.39    25   231.90   2.05
M     29.00    27   209.23   1.90    26   218.91   1.89
M     31.00    29   198.97   1.72    34   208.14   2.65
M     33.00    32   187.00   1.52    31   196.20   2.95
M     35.00    32   185.71   1.17    35   188.95   1.71
M     37.00    35   177.07   1.63    35   183.14   1.78
M     39.00    38   167.76   1.44    35   176.12   2.08
M     41.00    39   163.50   1.47    42   168.57   2.32
M     43.05    43   156.42   0.55    44   163.29   1.84
M     45.20    46   152.04   1.09    48   155.83   1.47
M     47.46    51   147.52   1.18    53   152.92   1.52
M     49.84    59   140.87   1.10    57   144.37   1.38
M     52.33    63   139.27   0.99    63   141.34   1.14
M     54.94    69   134.92   0.77    73   138.77   1.20
M     57.69    79   130.20   0.98    80   134.27   1.02
M     60.58    89   127.89   0.91    86   127.46   0.87
M     63.60    93   125.14   0.71    94   124.96   1.07
M     66.78   102   122.35   0.81   105   121.71   0.82
M     70.12   119   119.37   0.69   116   120.03   0.68
M     73.63   128   116.73   0.71   124   116.60   0.72
M     77.31   136   113.75   0.67   141   114.19   0.75
M     81.18   158   111.26   0.66   153   111.67   0.69
M     85.24   170   108.77   0.63   129   110.90   0.75
M     89.50   191   108.03   0.57    84   112.68   1.18
M     93.97   206   106.13   0.61    89   114.36   1.55
M     98.67   231   105.18   0.55   164   106.13   0.69
M    103.60   251   105.13   0.47   229   103.84   0.54
M    108.79   277   103.99   0.47   279   102.71   0.50
M    114.22   308   103.68   0.48   308   102.07   0.47
M    119.94   334   102.77   0.42   343   101.21   0.45
M    125.93   370   100.92   0.43   372   100.96   0.41
M    132.23   413   101.57   0.42   414   100.75   0.41
M    138.84   456   100.78   0.40   456    99.91   0.40
M    145.78   493    99.91   0.35   500    99.40   0.34
M    153.07   545   100.24   0.35   550    99.80   0.34
M    160.73   590    99.82   0.38   589    99.74   0.35
M    168.76   539    99.61   0.36   644    99.65   0.30
M    177.20   520    99.73   0.36   687    99.41   0.29
M    186.06   567    99.15   0.36   613    98.95   0.35
M    195.36   763    99.46   0.31   625    99.55   0.31
M    205.13   984    99.31   0.26   717    99.07   0.32
M    215.39  1088    99.37   0.25   912    99.29   0.26
M    226.16  1200    99.65   0.26  1205    99.19   0.24
M    237.46  1103    99.92   0.24  1334    98.96   0.23
M    249.34  1315    99.66   0.23  1473    99.24   0.22
M    261.80  1612    99.70   0.20  1612    99.30   0.21
