###  1237665440979484734 0.186 30.0 99.807434
# method  r_pixel  n1 i1_cts i1_cts_err n2 i2_cts i2_cts_err
I      3.00    16  2694.26  51.63    15  3420.86  74.25
I      5.00    16  1685.38  35.13    15  2044.33  41.39
I      7.00    16  1117.05  22.98    15  1358.81  18.89
I      9.00    16   796.21  16.25    15   943.75  14.99
M     11.00    11   615.79  18.56    10   699.40  24.97
M     13.00    12   482.84  10.01    13   540.03  14.65
M     15.00    13   426.24   7.18    15   446.54   8.53
M     17.00    14   376.60   3.15    15   392.48   4.66
M     19.00    18   347.58   6.40    15   353.04   3.69
M     21.00    20   327.95   6.86    22   334.78   3.95
M     23.00    22   295.63   5.19    23   304.26   2.54
M     25.00    24   279.84   4.94    23   284.77   2.59
M     27.00    27   256.96   3.56    28   265.28   2.70
M     29.00    26   239.26   4.18    27   248.67   2.32
M     31.00    30   221.64   2.85    30   233.59   2.57
M     33.00    31   211.18   3.57    30   218.86   1.98
M     35.00    31   197.88   3.46    35   206.15   1.86
M     37.00    40   190.20   2.92    37   196.24   1.46
M     39.00    38   184.35   2.63    35   188.53   0.97
M     41.00    38   178.33   1.85    42   177.62   1.27
M     43.05    45   172.52   1.72    46   173.66   1.28
M     45.20    49   167.24   1.50    49   168.77   1.56
M     47.46    55   159.92   1.06    52   161.23   1.12
M     49.84    58   154.49   1.08    62   156.75   1.00
M     52.33    65   147.50   0.72    62   151.24   0.82
M     54.94    70   140.35   0.73    72   143.80   0.77
M     57.69    72   134.39   0.90    81   136.69   0.85
M     60.58    89   130.47   0.85    87   128.29   0.98
M     63.60    95   124.97   0.86    92   123.98   0.79
M     66.78   110   120.53   0.75   105   118.53   0.67
M     70.12   114   119.16   0.63   113   117.41   0.62
M     73.63   126   115.72   0.66   129   114.62   0.64
M     77.31   134   114.18   0.52   145   114.16   0.60
M     81.18   161   111.93   0.68   147   111.32   0.52
M     85.24   170   111.26   0.58   169   109.26   0.50
M     89.50   117   107.91   0.63   144   107.39   0.53
M     93.97    58   107.74   0.92   129   106.48   0.56
M     98.67   150   105.69   0.70   158   104.25   0.60
M    103.60   177   104.54   0.58   223   104.27   0.52
M    108.79   236   103.30   0.50   285   103.33   0.46
M    114.22   295   102.77   0.41   300   102.74   0.40
M    119.94   342   101.66   0.41   340   102.46   0.39
M    125.93   378   101.54   0.41   374   102.12   0.37
M    132.23   405   101.37   0.32   418   101.67   0.34
M    138.84   444   101.24   0.29   453   100.86   0.34
M    145.78   501   101.07   0.32   497   100.16   0.34
M    153.07   556   100.54   0.33   553   100.66   0.31
M    160.73   613   100.06   0.34   611   100.98   0.29
M    168.76   678   100.44   0.28   665   100.28   0.28
M    177.20   744   100.03   0.27   747   100.68   0.27
M    186.06   816    99.85   0.26   711   100.53   0.27
M    195.36   888   100.18   0.23   872   100.41   0.25
M    205.13   999    99.88   0.23   904   100.32   0.23
M    215.39  1099    99.70   0.22  1010   100.10   0.23
M    226.16  1200   100.11   0.21  1093   100.32   0.22
M    237.46  1243   100.18   0.20  1230   100.54   0.20
M    249.34  1373   100.03   0.19  1330   100.12   0.19
M    261.80  1599   100.02   0.19  1613    99.99   0.18
