###  1237667323797831800 0.186 30.0 99.678574
# method  r_pixel  n1 i1_cts i1_cts_err n2 i2_cts i2_cts_err
I      3.00    14  1073.36  16.05    13   789.62   7.46
I      5.00    14   733.95  16.19    13   584.95   6.87
I      7.00    14   512.44  11.15    13   447.36   2.69
I      9.00    14   410.01   4.01    13   370.67   3.49
M     11.00    12   342.74   7.14    10   323.76   3.25
M     13.00    13   301.74  10.27    13   289.70   3.05
M     15.00    14   270.11   7.25    15   256.35   4.58
M     17.00    16   248.62   3.97    17   237.19   2.18
M     19.00    19   230.36   3.86    19   225.50   2.20
M     21.00    22   218.67   4.78    20   216.49   1.78
M     23.00    22   214.28   2.47    24   204.08   2.49
M     25.00    24   202.49   2.81    25   200.97   1.62
M     27.00    24   196.75   1.28    27   192.05   1.94
M     29.00    28   197.60   1.75    28   187.04   1.86
M     31.00    32   189.89   2.06    32   186.10   2.41
M     33.00    34   184.32   2.38    33   179.84   2.53
M     35.00    34   182.96   1.89    37   178.25   2.54
M     37.00    37   175.41   2.71    36   177.20   2.40
M     39.00    39   173.39   1.91    40   173.20   3.42
M     41.00    43   170.50   2.30    42   167.76   2.85
M     43.05    45   164.22   2.37    44   161.58   2.78
M     45.20    50   158.18   1.71    51   156.77   1.90
M     47.46    55   150.32   1.92    57   149.16   1.96
M     49.84    59   148.05   1.98    59   143.71   1.30
M     52.33    71   143.12   1.64    65   143.50   1.56
M     54.94    70   140.93   1.47    77   138.97   1.38
M     57.69    84   138.61   1.52    83   137.36   1.04
M     60.58    92   132.04   0.99    89   134.59   1.14
M     63.60    99   130.95   1.00    98   130.29   0.80
M     66.78   105   128.57   0.80   107   129.58   0.79
M     70.12   118   127.01   0.82   125   126.70   0.77
M     73.63   134   127.68   0.97   127   125.52   0.88
M     77.31   147   124.08   0.87   149   122.82   0.74
M     81.18   165   121.26   0.78   158   120.37   0.65
M     85.24   167   120.95   0.67   173   119.46   0.59
M     89.50   181   118.58   0.70   181   117.79   0.76
M     93.97   161   117.14   0.68   153   115.34   0.68
M     98.67   156   114.88   0.67   132   113.91   0.86
M    103.60   159   114.51   0.75   118   111.38   0.89
M    108.79   193   110.92   0.66   148   109.28   0.59
M    114.22   244   109.23   0.60   182   109.24   0.60
M    119.94   279   107.81   0.61   244   108.89   0.58
M    125.93   315   106.52   0.43   340   107.48   0.43
M    132.23   351   105.00   0.50   429   106.48   0.41
M    138.84   461   104.81   0.44   468   105.45   0.42
M    145.78   523   103.89   0.42   521   105.86   0.39
M    153.07   571   103.10   0.40   575   104.29   0.38
M    160.73   632   102.55   0.37   631   103.19   0.35
M    168.76   698   101.07   0.37   693   101.92   0.34
M    177.20   774   101.58   0.32   634   101.38   0.33
M    186.06   818   100.84   0.32   587   101.00   0.33
M    195.36   864   100.39   0.32   652   101.45   0.32
M    205.13   969   100.96   0.30   738   101.17   0.32
M    215.39  1133    99.86   0.27   895    99.91   0.28
M    226.16  1245    99.88   0.27  1194   100.00   0.24
M    237.46  1379   100.67   0.25  1333   100.37   0.23
M    249.34  1521    99.63   0.24  1419   100.00   0.24
M    261.80  1533    99.31   0.24  1638    99.58   0.20
