###  1237667324334637140 0.186 30.0 99.353714
# method  r_pixel  n1 i1_cts i1_cts_err n2 i2_cts i2_cts_err
I      3.00    16  3911.01  37.04    15  4400.51  63.69
I      5.00    16  2439.56  31.43    15  2758.18  43.21
I      7.00    16  1660.69  17.02    15  1832.75  27.33
I      9.00    16  1191.78   9.18    15  1295.57  13.67
M     11.00    10   921.17  26.16    11   959.63  33.43
M     13.00    12   740.58  20.83    14   736.05  19.94
M     15.00    16   579.90  17.37    15   590.66  12.66
M     17.00    16   466.76   6.81    18   485.33   6.71
M     19.00    17   400.36   5.26    18   412.02   6.06
M     21.00    23   362.09   2.85    19   361.55   5.62
M     23.00    22   330.12   4.92    22   325.56   3.63
M     25.00    26   296.20   3.32    26   299.86   3.12
M     27.00    22   279.70   1.99    26   281.08   3.30
M     29.00    30   260.99   2.55    29   263.92   3.86
M     31.00    32   250.63   2.24    30   248.10   3.18
M     33.00    29   237.69   2.91    33   236.64   4.34
M     35.00    36   227.22   2.15    35   225.37   3.37
M     37.00    36   212.46   2.26    37   216.74   2.69
M     39.00    39   201.59   2.56    37   207.94   1.97
M     41.00    40   188.53   2.09    38   198.01   2.49
M     43.05    44   180.24   2.11    41   189.20   1.80
M     45.20    49   167.74   1.46    50   178.19   1.08
M     47.46    53   158.03   1.21    53   167.40   1.44
M     49.84    57   150.88   1.34    58   158.28   1.15
M     52.33    69   145.92   1.42    66   149.84   1.55
M     54.94    71   137.54   0.86    76   140.73   1.22
M     57.69    81   133.10   1.09    80   137.86   0.99
M     60.58    85   131.49   1.03    90   132.94   0.94
M     63.60   100   129.74   1.26    95   128.34   0.86
M     66.78   110   123.04   0.88   108   124.73   0.91
M     70.12   120   119.43   0.90   117   121.01   0.67
M     73.63   125   116.58   0.75   125   118.88   0.77
M     77.31   133   114.11   0.71   114   114.89   0.74
M     81.18   152   112.58   0.77   120   114.04   0.67
M     85.24   169   110.09   0.65   124   110.12   0.80
M     89.50   194   108.15   0.61   138   108.94   0.68
M     93.97   214   106.28   0.56   159   106.84   0.77
M     98.67   214   105.30   0.51   173   105.46   0.66
M    103.60   211   102.86   0.55   198   103.57   0.67
M    108.79   232   101.97   0.48   192   101.83   0.58
M    114.22   257   101.48   0.44    88   100.99   0.79
M    119.94   298   100.72   0.42    34   101.77   1.41
I    125.93    16    97.23   1.77    15   100.90   1.66
I    132.23    16   102.22   1.01    15   103.58   2.72
I    138.84    16    97.37   1.88    15    99.16   1.11
I    145.78    16   101.79   1.62    15   101.73   2.75
I    153.07    16   102.77   1.78    15   106.24   3.24
I    160.73    16   103.33   1.43    15   105.30   4.45
I    168.76    16   101.23   1.34    15   109.22   4.14
I    177.20    16    99.64   2.04    15   103.36   1.55
I    186.06    16    96.62   2.88    15    98.51   1.85
I    195.36    16   100.36   2.95    15   102.76   1.93
M    205.13   531    99.85   0.39    31    99.16   1.80
M    215.39   678    99.89   0.31   257    98.68   0.48
M    226.16   905    99.50   0.30   547    99.41   0.36
M    237.46  1193    99.57   0.24  1068    99.20   0.23
M    249.34  1365    99.35   0.25  1379    98.69   0.23
M    261.80  1506    99.57   0.22  1498    98.88   0.21
