###  1237667444048593084 0.186 30.0 99.673706
# method  r_pixel  n1 i1_cts i1_cts_err n2 i2_cts i2_cts_err
I      3.00    10  4713.14  14.44     9  6221.21  59.47
I      5.00    10  2806.28  14.85     9  3717.25  53.24
I      7.00    10  1655.11   3.27     9  2183.14  29.33
I      9.00    10  1042.65   3.93     9  1283.22  15.38
M     11.00    10   716.12  29.95    12   853.65  31.65
M     13.00    13   562.52  13.22    15   632.27  21.01
M     15.00    16   476.90   8.48    14   508.06  10.10
M     17.00    16   415.87   5.04    17   438.07   4.38
M     19.00    20   375.08   3.06    19   386.16   2.60
M     21.00    22   344.02   2.82    20   353.01   4.03
M     23.00    25   321.04   2.86    24   335.06   2.43
M     25.00    26   296.69   2.16    27   309.71   2.73
M     27.00    29   280.31   2.67    27   293.04   1.84
M     29.00    30   265.57   2.24    31   280.12   2.17
M     31.00    32   252.87   1.68    33   264.09   2.04
M     33.00    33   241.06   2.03    34   252.72   1.98
M     35.00    36   222.67   1.51    37   235.53   1.25
M     37.00    33   206.31   1.29    34   221.55   1.66
M     39.00    42   194.69   1.65    38   210.65   1.38
M     41.00    41   181.18   1.53    38   201.09   1.57
M     43.05    41   170.05   0.90    48   189.44   2.08
M     45.20    52   158.58   1.48    52   178.81   2.33
M     47.46    58   151.83   1.13    57   174.53   2.11
M     49.84    59   141.52   1.05    64   166.66   2.76
M     52.33    73   136.84   1.01    68   160.27   2.03
M     54.94    73   130.61   0.88    80   150.33   1.69
M     57.69    82   126.02   1.01    87   140.80   1.40
M     60.58    91   120.45   0.83    88   133.15   1.01
M     63.60    96   117.15   0.89   101   125.15   0.91
M     66.78   106   115.35   0.82    65   118.49   1.03
M     70.12   127   111.96   0.70    44   114.06   1.06
M     73.63   136   110.88   0.75    41   112.27   1.56
M     77.31   148   106.99   0.69    34   109.22   1.18
M     81.18   167   105.73   0.69    30   105.45   1.34
M     85.24   180   104.43   0.49    25   104.49   0.97
M     89.50   204   103.88   0.61    35   103.33   1.31
M     93.97   223   102.65   0.51    59   102.16   0.94
M     98.67   247   101.94   0.54    95   102.23   0.84
M    103.60   268   101.58   0.47   147   102.19   0.59
M    108.79   293   102.52   0.46   196   101.86   0.59
M    114.22   293   101.34   0.47   306   101.35   0.47
M    119.94   229   100.88   0.50   364   100.98   0.43
M    125.93   221   100.65   0.63   404    99.70   0.43
M    132.23   240   100.85   0.52   439   100.14   0.40
M    138.84   297   100.25   0.49   482   100.59   0.34
M    145.78   370   100.83   0.44   537   100.19   0.32
M    153.07   522    99.53   0.34   586    99.90   0.31
M    160.73   650    99.79   0.29   650    99.67   0.30
M    168.76   719   100.27   0.30   715    99.85   0.26
M    177.20   787   100.20   0.27   675    99.14   0.29
M    186.06   869   100.00   0.28   721    99.54   0.30
M    195.36   957   100.55   0.25   789    99.73   0.29
M    205.13  1055   100.27   0.23   899    99.90   0.27
M    215.39  1163   100.20   0.24  1170    99.87   0.23
M    226.16  1293    99.70   0.21  1151    99.46   0.23
M    237.46  1413    99.87   0.20  1189    99.64   0.23
M    249.34  1506    99.86   0.21  1293   100.02   0.23
M    261.80  1549    99.18   0.21  1568    99.84   0.21
