###  1237667444585660537 0.1859 30.0 99.786934
# method  r_pixel  n1 i1_cts i1_cts_err n2 i2_cts i2_cts_err
I      3.00    12  2359.92  21.46    11  3158.97  38.00
I      5.00    12  1156.48   9.66    11  1518.40  19.56
I      7.00    12   653.49   3.36    11   820.76  10.43
I      9.00    12   452.33   3.37    11   521.28   4.41
M     11.00    10   371.68   4.62    12   402.04   9.25
M     13.00    13   334.75   4.47    13   351.98   4.15
M     15.00    14   306.99   1.80    16   317.85   2.45
M     17.00    16   289.12   1.24    14   296.89   2.98
M     19.00    19   273.10   3.96    19   275.21   2.37
M     21.00    22   259.34   3.24    22   266.41   2.34
M     23.00    24   250.17   1.97    23   254.85   1.62
M     25.00    24   236.30   2.14    26   244.78   1.56
M     27.00    28   222.08   2.37    25   228.27   2.52
M     29.00    30   207.47   1.97    30   212.28   2.08
M     31.00    32   192.92   1.63    31   197.62   1.45
M     33.00    30   177.90   0.96    34   185.23   1.74
M     35.00    37   169.20   1.46    35   171.70   1.19
M     37.00    36   158.45   1.40    38   163.25   1.75
M     39.00    40   155.45   1.63    35   158.25   1.18
M     41.00    37   149.47   0.69    42   151.32   1.27
M     43.05    47   148.76   1.04    46   149.93   1.24
M     45.20    51   144.88   1.26    47   146.22   1.25
M     47.46    54   142.40   0.95    57   142.29   1.30
M     49.84    65   139.26   1.25    65   136.54   1.15
M     52.33    66   135.09   1.17    66   131.81   1.26
M     54.94    76   130.23   0.69    74   127.84   0.95
M     57.69    80   126.76   0.73    84   123.77   0.87
M     60.58    91   123.46   0.77    91   121.72   0.95
M     63.60    99   121.24   0.67   104   119.69   0.83
M     66.78   107   117.57   0.78   108   117.50   0.83
M     70.12   122   114.97   0.76   126   116.16   0.78
M     73.63   132   111.74   0.70   104   115.36   0.90
M     77.31   144   109.43   0.63    59   113.11   1.15
M     81.18   161   107.91   0.60    31   113.82   1.74
M     85.24   182   107.70   0.64    22   122.82   3.37
M     89.50   190   106.33   0.50    22   116.60   1.38
M     93.97   221   105.98   0.55    80   106.85   0.85
M     98.67   243   104.48   0.56   180   106.72   0.57
M    103.60   266   104.36   0.50   266   104.45   0.50
M    108.79   292   101.49   0.44   295   103.88   0.47
M    114.22   320   102.19   0.49   325   102.27   0.46
M    119.94   360   101.44   0.43   355   101.27   0.40
M    125.93   389   101.06   0.45   401   101.30   0.38
M    132.23   431   101.35   0.34   433   101.47   0.37
M    138.84   481   101.58   0.39   463   100.82   0.33
M    145.78   475   100.31   0.35   526   100.06   0.36
M    153.07   410   100.64   0.41   585   100.33   0.34
M    160.73   423   100.02   0.41   634    99.97   0.30
M    168.76   508    99.83   0.35   701   100.04   0.29
M    177.20   747   100.14   0.30   779    99.83   0.27
M    186.06   852    99.71   0.29   857    99.61   0.27
M    195.36   730   100.47   0.29   954    99.68   0.25
M    205.13   695    99.33   0.29  1046    99.81   0.25
M    215.39   827    99.56   0.28  1126    98.94   0.24
M    226.16  1227    99.73   0.24  1074    99.67   0.24
M    237.46  1395    99.34   0.22  1060    99.78   0.24
M    249.34  1531    99.65   0.20  1214    99.76   0.22
M    261.80  1693    99.84   0.20  1431    99.55   0.21
