###  1237667323260567703 0.186 30.0 99.655609
# method  r_pixel  n1 i1_cts i1_cts_err n2 i2_cts i2_cts_err
I      3.00    10   791.22  10.53     9   725.86  10.68
I      5.00    10   674.69   8.26     9   608.86  11.92
I      7.00    10   559.60   6.56     9   488.13   7.32
I      9.00    10   444.66   7.62     9   400.92   3.31
M     11.00    12   365.43  10.65    12   328.31   5.25
M     13.00    14   305.83   4.64    12   295.83   2.85
M     15.00    14   273.25   3.71    14   282.17   2.35
M     17.00    17   262.89   2.21    19   270.78   1.84
M     19.00    21   255.46   2.05    19   250.96   2.28
M     21.00    20   245.32   1.64    21   238.22   2.83
M     23.00    24   232.24   1.60    21   228.78   1.71
M     25.00    24   222.15   1.25    25   220.04   2.29
M     27.00    30   210.63   1.37    28   212.67   1.56
M     29.00    30   203.23   1.56    30   206.77   0.78
M     31.00    29   197.03   1.01    31   199.74   1.51
M     33.00    35   191.06   1.06    34   191.22   1.56
M     35.00    36   185.28   1.26    36   180.67   1.77
M     37.00    39   181.81   1.17    39   168.16   1.43
M     39.00    38   172.69   0.56    39   159.18   0.97
M     41.00    38   168.05   0.86    41   152.46   0.74
M     43.05    46   157.93   0.97    48   147.86   0.96
M     45.20    51   148.46   1.04    52   144.64   0.81
M     47.46    61   138.81   0.80    54   138.49   0.87
M     49.84    59   133.21   0.94    63   136.34   0.79
M     52.33    70   123.99   0.73    68   131.82   0.88
M     54.94    75   120.78   0.54    75   127.44   0.69
M     57.69    83   117.12   0.66    81   123.68   0.55
M     60.58    87   113.43   0.56    73   120.15   0.57
M     63.60    78   112.24   0.68    60   116.09   0.75
M     66.78    73   111.48   0.54    62   111.95   0.75
M     70.12    91   110.02   0.70    61   109.86   0.62
M     73.63    91   108.17   0.46    58   109.14   0.64
M     77.31   151   106.99   0.47    42   107.42   0.75
M     81.18   168   105.96   0.45    36   105.31   0.75
M     85.24   179   106.21   0.40    37   104.75   0.63
M     89.50   201   105.39   0.35    45   101.62   0.90
M     93.97   221   103.76   0.38    46   103.69   0.82
M     98.67   244   103.21   0.37    71   102.36   0.63
M    103.60   267   102.52   0.32    94   102.89   0.54
M    108.79   287   102.09   0.32   113   102.09   0.53
M    114.22   331   102.64   0.29   156   102.22   0.37
M    119.94   357   102.14   0.28   257   101.51   0.34
M    125.93   399   101.40   0.33   272   100.25   0.34
M    132.23   431   100.52   0.28   319    99.69   0.31
M    138.84   482   100.25   0.25   447    99.54   0.27
M    145.78   440    99.52   0.28   534    99.89   0.26
M    153.07   446    99.79   0.28   584   100.06   0.24
M    160.73   541    99.53   0.25   645    99.88   0.22
M    168.76   700   100.11   0.21   708    99.71   0.21
M    177.20   774    99.86   0.20   796    99.54   0.21
M    186.06   870    99.73   0.20   869    99.47   0.21
M    195.36   956    99.48   0.18   869    99.81   0.20
M    205.13  1017    99.85   0.17   888    99.85   0.21
M    215.39   999    99.69   0.17  1020    99.65   0.19
M    226.16  1065    99.51   0.18  1274    99.76   0.16
M    237.46  1072    99.55   0.18  1379    99.65   0.16
M    249.34  1094    99.44   0.17  1043    99.40   0.17
M    261.80  1191    99.48   0.17   885    99.78   0.19
