###  1237667323260567605 0.1859 30.0 99.802559
# method  r_pixel  n1 i1_cts i1_cts_err n2 i2_cts i2_cts_err
I      3.00    12   380.63   6.04    11   324.40   1.08
I      5.00    12   319.78   3.27    11   270.70   3.61
I      7.00    12   280.85   1.51    11   226.70   3.79
I      9.00    12   243.65   3.15    11   216.28   2.49
M     11.00    11   221.98   3.40    11   192.72   2.46
M     13.00    11   203.04   2.47    11   184.67   1.55
M     15.00    15   187.11   1.82    16   172.55   2.24
M     17.00    17   173.24   0.58    14   160.86   1.45
M     19.00    19   164.27   2.24    20   153.25   2.13
M     21.00    19   155.95   1.29    22   146.69   1.56
M     23.00    24   147.46   1.10    22   141.75   1.40
M     25.00    26   141.20   0.89    22   141.29   1.18
M     27.00    27   136.91   1.43    30   137.88   1.18
M     29.00    31   133.30   1.43    30   134.29   1.23
M     31.00    30   130.33   1.17    31   133.92   1.21
M     33.00    32   129.84   0.99    33   129.00   1.32
M     35.00    36   127.45   1.47    34   127.74   1.25
M     37.00    38   126.59   1.05    39   126.10   1.29
M     39.00    41   126.12   1.18    39   125.53   0.85
M     41.00    38   125.20   0.93    42   124.29   1.14
M     43.05    46   122.39   1.25    50   122.71   0.83
M     45.20    51   119.06   1.09    49   120.33   0.81
M     47.46    55   118.35   0.77    57   118.09   0.84
M     49.84    58   118.37   0.62    58   116.78   0.81
M     52.33    68   115.35   0.84    73   115.64   0.72
M     54.94    75   114.26   0.86    72   114.07   0.67
M     57.69    84   112.24   0.86    77   110.89   0.71
M     60.58    88   111.66   0.81    88   111.51   0.70
M     63.60    99   109.57   0.66   100   109.84   0.62
M     66.78   106   108.30   0.59   114   109.59   0.68
M     70.12   122   108.06   0.53   122   108.26   0.49
M     73.63   126   105.92   0.49   135   107.19   0.50
M     77.31   153   106.30   0.57   142   107.37   0.48
M     81.18   158   106.19   0.49   162   105.66   0.47
M     85.24   179   105.34   0.49   174   106.42   0.45
M     89.50   190   103.01   0.51   202   104.87   0.41
M     93.97   128   103.37   0.54   213   103.98   0.42
M     98.67    79   102.99   0.92   248   103.12   0.45
M    103.60    59   103.94   0.89   263   103.10   0.39
M    108.79    58   100.88   0.81   264   102.38   0.40
M    114.22   113   101.64   0.60   249   102.87   0.35
M    119.94   169   101.14   0.50   279   102.69   0.38
M    125.93   274   101.26   0.44   300   102.52   0.36
M    132.23   317   101.86   0.43   356   102.16   0.40
M    138.84   360   101.14   0.43   466   101.95   0.33
M    145.78   383   100.95   0.39   520   101.18   0.30
M    153.07   423   100.71   0.35   570   100.80   0.27
M    160.73   569   100.77   0.28   641   101.30   0.26
M    168.76   698   100.57   0.25   708   100.15   0.26
M    177.20   782    99.89   0.25   777   100.14   0.24
M    186.06   842   100.16   0.22   862    99.95   0.23
M    195.36   877   100.02   0.23   945    99.76   0.21
M    205.13   765    99.94   0.24  1033    99.91   0.19
M    215.39   787    99.76   0.23  1148    99.96   0.17
M    226.16   878    99.57   0.22  1258    99.80   0.17
M    237.46  1158    99.50   0.19  1396    99.89   0.16
M    249.34  1385    99.59   0.17  1536    99.76   0.15
M    261.80  1635    99.65   0.17  1694    99.76   0.15
