###  1237667444585136268 0.1859 30.0 99.761635
# method  r_pixel  n1 i1_cts i1_cts_err n2 i2_cts i2_cts_err
I      3.00    14   357.75   1.00    13   381.40   1.34
I      5.00    14   298.15   1.71    13   315.75   4.34
I      7.00    14   259.62   1.45    13   274.20   3.10
I      9.00    14   226.53   2.28    13   246.39   3.02
I     11.00    14   207.95   1.67    13   214.59   4.85
I     13.00    14   187.83   2.10    13   196.87   1.76
M     15.00    16   185.54   2.40    13   183.50   1.54
M     17.00    15   172.76   0.96    18   175.70   1.82
M     19.00    18   169.25   1.57    16   167.65   1.35
M     21.00    19   162.97   0.69    21   161.92   1.65
M     23.00    24   153.32   2.26    20   154.50   1.25
M     25.00    24   151.57   1.26    24   151.86   1.12
M     27.00    27   145.13   2.05    29   146.90   1.34
M     29.00    28   141.46   1.18    28   142.45   1.39
M     31.00    32   139.44   1.28    31   139.83   0.98
M     33.00    31   137.78   0.87    32   136.42   1.23
M     35.00    33   133.91   0.82    34   135.06   0.94
M     37.00    36   133.55   0.91    37   135.39   1.46
M     39.00    41   132.04   1.10    38   132.15   0.95
M     41.00    40   129.77   1.16    40   131.77   1.11
M     43.05    44   128.41   0.97    39   129.30   0.77
M     45.20    52   126.46   0.85    54   125.71   0.90
M     47.46    54   122.88   0.92    56   123.51   0.88
M     49.84    60   120.01   0.62    55   121.01   0.66
M     52.33    69   116.88   0.62    69   118.78   0.82
M     54.94    72   117.24   0.71    75   115.48   0.76
M     57.69    80   115.21   0.71    75   115.16   0.75
M     60.58    92   114.23   0.68    90   114.28   0.57
M     63.60    91   113.68   0.57   100   112.16   0.60
M     66.78   106   111.26   0.62   111   110.91   0.59
M     70.12    75   108.02   0.85   118   108.41   0.59
M     73.63    54   105.93   0.75   132   106.26   0.53
M     77.31    45   107.06   0.74   138   105.02   0.55
M     81.18    43   103.12   0.69   160   104.94   0.47
M     85.24    52   103.67   0.92   176   103.65   0.43
M     89.50    68   103.51   0.71   197   103.06   0.50
M     93.97    81   104.21   0.65   215   102.71   0.47
M     98.67   105   102.91   0.68   236   103.42   0.52
M    103.60    95   101.91   0.53   266   102.18   0.42
M    108.79    96   101.05   0.72   294   101.02   0.39
M    114.22    94   101.67   0.56   313   100.94   0.38
M    119.94    98   101.02   0.59   354   100.49   0.36
M    125.93    59   101.84   0.90   381   101.00   0.31
I    132.23    14   102.52   0.54    13   100.78   1.18
I    138.84    14   101.67   1.24    13   102.10   1.89
M    145.78    52    98.35   0.83   520   100.38   0.29
M    153.07   192    99.13   0.45   572    99.39   0.29
M    160.73   470    99.80   0.28   630    99.77   0.28
M    168.76   582    99.37   0.28   688    99.52   0.25
M    177.20   698    99.95   0.26   703   100.13   0.26
M    186.06   828    99.61   0.22   701   100.93   0.27
M    195.36   926    99.60   0.22   869   100.59   0.22
M    205.13  1014    99.69   0.19  1016   100.16   0.22
M    215.39  1134    99.58   0.18  1005   100.25   0.20
M    226.16  1242    99.66   0.19  1205   100.05   0.20
M    237.46  1203    99.64   0.18  1367   100.31   0.19
M    249.34   839    99.77   0.22  1485   100.14   0.17
M    261.80   630    99.29   0.26  1551   100.08   0.17
