###  1237667323260370980 0.186 30.0 100.03866
# method  r_pixel  n1 i1_cts i1_cts_err n2 i2_cts i2_cts_err
I      3.00    14  7238.88 332.55    13  2595.32  97.81
I      5.00    14  4379.99 247.31    13  1690.62  62.25
I      7.00    14  2836.19 159.92    13  1333.95  31.65
I      9.00    14  2084.75 114.81    13  1189.82  14.09
M     11.00    13  1689.85  98.49    11  1073.12  17.67
M     13.00    13  1367.39  63.50    12   962.98  12.25
M     15.00    13  1190.45  42.97    15   886.46  17.30
M     17.00    19  1002.23  34.47    17   797.98   9.82
M     19.00    18   866.17  25.00    19   724.07   8.06
M     21.00    22   777.61  23.26    18   695.82   6.59
M     23.00    22   699.99  12.44    24   660.65   7.39
M     25.00    26   655.19  10.76    24   614.16   7.81
M     27.00    24   606.24   3.96    25   582.47   3.82
M     29.00    29   578.92   3.69    29   559.27   2.92
M     31.00    31   554.31   5.06    31   539.95   3.09
M     33.00    29   536.00   4.01    34   505.82   2.52
M     35.00    35   515.99   4.16    36   492.94   3.44
M     37.00    39   496.13   4.77    37   475.73   2.85
M     39.00    41   467.39   5.75    37   462.66   3.78
M     41.00    39   448.29   6.79    42   447.04   3.88
M     43.05    45   428.85   5.83    44   427.15   4.13
M     45.20    52   404.95   5.41    51   402.38   3.24
M     47.46    57   386.93   3.75    55   385.45   1.91
M     49.84    62   374.63   3.15    61   365.03   1.41
M     52.33    66   362.03   2.19    68   352.72   1.49
M     54.94    71   345.15   1.34    71   334.90   1.14
M     57.69    82   328.13   1.32    83   323.57   1.21
M     60.58    92   319.10   1.71    90   313.71   1.10
M     63.60    99   308.90   1.33    98   306.05   0.93
M     66.78   110   295.48   1.04   110   292.84   0.94
M     70.12   122   280.58   0.82   123   274.59   0.90
M     73.63   134   263.55   0.86   135   254.46   0.80
M     77.31   147   246.81   0.81   146   243.22   0.74
M     81.18   158   231.51   0.67   161   231.02   0.70
M     85.24   178   218.84   0.61   178   217.38   0.70
M     89.50   194   204.26   0.61   197   203.55   0.64
M     93.97   212   191.95   0.49   217   192.72   0.47
M     98.67   244   181.71   0.44   237   185.94   0.44
M    103.60   262   173.91   0.46   263   178.80   0.42
M    108.79   286   168.29   0.38   289   171.00   0.40
M    114.22   325   161.12   0.38   319   161.63   0.44
M    119.94   357   154.05   0.36   348   152.36   0.37
M    125.93   381   146.45   0.29   384   144.69   0.34
M    132.23   432   140.44   0.31   434   138.58   0.31
M    138.84   468   135.09   0.25   471   133.74   0.29
M    145.78   518   130.32   0.26   521   129.99   0.28
M    153.07   574   124.47   0.26   566   126.05   0.32
M    160.73   524   120.82   0.25   472   124.87   0.38
M    168.76   389   118.35   0.30   226   131.97   1.04
M    177.20   422   114.18   0.29   283   123.15   0.75
M    186.06   696   112.01   0.21   391   116.72   0.45
M    195.36   938   110.08   0.19   484   110.88   0.25
M    205.13  1023   107.92   0.18   512   108.13   0.25
M    215.39  1092   105.85   0.17   615   106.55   0.24
M    226.16  1249   104.28   0.15   814   105.36   0.20
M    237.46  1245   103.65   0.16  1320   104.31   0.16
M    249.34  1307   102.86   0.16  1263   103.40   0.16
M    261.80  1657   102.13   0.14  1078   101.95   0.18
