###  1237667324334833870 0.186 30.0 99.745872
# method  r_pixel  n1 i1_cts i1_cts_err n2 i2_cts i2_cts_err
I      3.00    18  1784.23  52.86    17  1438.10  10.73
I      5.00    18  1013.18  34.84    17   920.82  12.54
I      7.00    18   681.74  17.90    17   661.92  11.59
I      9.00    18   547.34   9.44    17   541.41   8.35
M     11.00    10   488.59  14.75    10   481.96   8.57
M     13.00    13   438.96   8.24    11   439.62   4.87
M     15.00    15   403.82  10.22    16   394.00   6.41
M     17.00    16   372.60   6.53    15   355.13   3.62
M     19.00    18   348.56   7.45    16   333.58   1.80
M     21.00    17   319.79   3.10    18   315.21   0.95
M     23.00    24   304.05   1.82    23   298.71   2.32
M     25.00    23   293.59   1.88    23   287.29   1.93
M     27.00    23   282.85   2.39    27   277.28   1.86
M     29.00    31   266.13   1.57    24   268.96   1.29
M     31.00    29   264.73   2.28    29   258.53   1.41
M     33.00    27   256.73   1.12    32   249.81   1.22
M     35.00    34   246.78   1.94    33   245.00   1.23
M     37.00    36   240.90   1.58    33   234.19   1.36
M     39.00    35   231.38   1.62    37   225.56   1.43
M     41.00    42   223.30   1.32    40   219.60   1.04
M     43.05    45   214.98   1.33    41   214.03   1.37
M     45.20    49   207.05   1.44    44   209.35   0.78
M     47.46    48   198.80   1.28    51   199.09   0.99
M     49.84    61   194.30   0.95    58   194.73   0.98
M     52.33    63   189.77   1.08    64   185.72   1.22
M     54.94    72   184.16   0.98    64   179.39   0.87
M     57.69    79   179.40   1.03    81   173.70   1.07
M     60.58    85   172.38   1.09    85   168.17   0.85
M     63.60    95   162.81   0.83    92   163.33   0.67
M     66.78   102   158.25   0.93   105   156.48   0.81
M     70.12   114   153.71   0.69   117   151.68   0.77
M     73.63   129   149.54   0.71   123   146.40   0.58
M     77.31   139   144.43   0.71   141   141.82   0.62
M     81.18   151   140.80   0.68   155   136.91   0.63
M     85.24   170   134.96   0.63   163   131.63   0.57
M     89.50   184   129.31   0.53   190   128.36   0.52
M     93.97   207   124.92   0.51   202   123.42   0.54
M     98.67   221   120.39   0.47   224   120.56   0.44
M    103.60   250   117.26   0.49   249   117.52   0.40
M    108.79   258   113.92   0.43   273   114.60   0.43
M    114.22   240   111.28   0.45   224   111.16   0.47
M    119.94   116   109.76   0.66   169   108.09   0.59
M    125.93    35   106.07   1.00   176   106.95   0.54
M    132.23   235   106.09   0.48   240   105.06   0.49
M    138.84   344   103.99   0.35   430   104.08   0.33
M    145.78   395   103.90   0.34   499   102.99   0.32
M    153.07   459   101.51   0.37   539   102.50   0.31
M    160.73   492   101.29   0.32   599   102.10   0.28
M    168.76   620   100.82   0.29   666   100.72   0.29
M    177.20   725   100.41   0.25   639   100.63   0.29
M    186.06   800   100.29   0.23   665   100.28   0.27
M    195.36   893    99.90   0.24   652   100.15   0.29
M    205.13   969    99.77   0.23   673   100.53   0.29
M    215.39   941    99.66   0.23   754    99.60   0.27
M    226.16  1048    99.46   0.20  1098    99.56   0.22
M    237.46  1305    99.91   0.19  1321    99.51   0.20
M    249.34  1452    99.71   0.17  1451    99.99   0.19
M    261.80  1587    99.81   0.16  1491    99.68   0.18
