###  1237667443511328857 0.1861 30.0 99.976974
# method  r_pixel  n1 i1_cts i1_cts_err n2 i2_cts i2_cts_err
I      3.00    12   853.83  10.36    11   570.71  10.89
I      5.00    12   550.03   2.80    11   383.85   6.97
I      7.00    12   404.04   2.88    11   321.69   2.78
M      9.00    10   323.39  13.46    10   271.47   4.84
I     11.00    12   273.64   2.74    11   243.64   3.29
M     13.00    12   250.11   3.71    12   233.12   2.16
M     15.00    16   240.55   4.37    18   224.11   5.02
M     17.00    18   241.81   3.62    16   224.31   5.77
M     19.00    17   230.23   4.20    19   219.45   5.23
M     21.00    22   223.10   5.67    21   213.95   5.03
M     23.00    23   205.27   3.65    26   197.92   5.09
M     25.00    26   190.25   2.97    24   183.77   3.96
M     27.00    26   176.34   2.27    29   174.77   3.64
M     29.00    32   165.65   1.80    29   164.56   2.28
M     31.00    30   154.16   1.40    29   155.66   2.38
M     33.00    35   146.25   1.08    34   149.24   1.25
M     35.00    34   139.88   0.99    38   142.48   1.09
M     37.00    40   134.75   1.39    35   138.03   1.04
M     39.00    36   131.72   0.76    39   134.94   1.14
M     41.00    44   127.68   1.00    43   129.18   0.87
M     43.05    46   126.20   0.98    48   124.29   0.99
M     45.20    51   122.66   0.96    50   121.54   0.90
M     47.46    56   120.67   0.76    58   119.35   0.70
M     49.84    64   118.19   0.84    59   119.36   0.76
M     52.33    66   116.76   0.75    68   116.45   0.80
M     54.94    74   115.69   0.73    79   114.88   0.70
M     57.69    83   113.52   0.59    81   113.93   0.55
M     60.58    91   110.10   0.63    91   113.32   0.61
M     63.60    99   108.42   0.46   100   111.79   0.48
M     66.78   112   108.10   0.57   109   108.85   0.49
M     70.12   124   106.78   0.56   123   108.10   0.47
M     73.63   134   105.62   0.46   137   106.76   0.52
M     77.31   150   104.02   0.48   143   105.15   0.45
M     81.18   164   103.60   0.45   167   103.28   0.40
M     85.24   181   103.22   0.47   176   101.95   0.45
M     89.50   196   101.41   0.36   200   101.96   0.41
M     93.97   225   101.38   0.39   224   100.42   0.42
M     98.67   236   100.96   0.36   236   100.06   0.31
M    103.60   267   100.58   0.32   265   100.05   0.31
M    108.79   291   100.10   0.32   299   100.68   0.34
M    114.22   325   100.28   0.29   322    99.90   0.30
M    119.94   358   100.29   0.32   360   100.26   0.31
M    125.93   397    99.96   0.31   395    99.86   0.31
M    132.23   434    99.89   0.26   440    99.91   0.27
M    138.84   478   100.03   0.25   472   100.36   0.25
M    145.78   476    99.74   0.24   530    99.49   0.23
M    153.07   493   100.23   0.26   574   100.05   0.21
M    160.73   470    99.69   0.26   647    99.93   0.23
M    168.76   591   100.20   0.23   706   100.08   0.20
M    177.20   782    99.94   0.21   770    99.95   0.20
M    186.06   869   100.03   0.20   870    99.94   0.19
M    195.36   943   100.17   0.18   937    99.80   0.17
M    205.13  1041    99.81   0.18   975   100.39   0.18
M    215.39  1158    99.82   0.16   718   100.00   0.22
M    226.16  1276   100.10   0.16   587   100.18   0.22
M    237.46  1399   100.04   0.15   810    99.99   0.22
M    249.34  1366   100.06   0.15   910   100.16   0.17
M    261.80  1037    99.98   0.16  1089    99.78   0.18
