###  1237667324334964812 0.186 30.0 99.902817
# method  r_pixel  n1 i1_cts i1_cts_err n2 i2_cts i2_cts_err
I      3.00    10  5359.66  17.28     9 10694.27 119.44
I      5.00    10  2849.10  11.82     9  4926.44  55.52
I      7.00    10  1834.72   6.68     9  2714.69  28.68
M      9.00    11  1317.32  53.80    10  1747.30  82.09
M     11.00    10   979.53  37.33    12  1271.39  38.49
M     13.00    13   774.68  18.30    13   951.45  26.63
M     15.00    17   613.77  11.90    15   729.39  19.40
M     17.00    16   500.21  10.66    18   578.45  11.11
M     19.00    20   417.96   7.69    20   479.76   7.66
M     21.00    20   365.52   3.30    22   415.82   4.99
M     23.00    26   328.75   2.89    23   364.98   3.32
M     25.00    25   304.68   3.42    27   325.86   3.57
M     27.00    28   274.86   2.69    29   298.40   2.13
M     29.00    28   260.22   1.92    29   275.14   1.97
M     31.00    30   243.13   1.49    31   258.08   2.39
M     33.00    33   231.30   1.17    31   244.14   1.33
M     35.00    34   221.60   1.51    33   233.14   1.75
M     37.00    36   208.41   1.15    38   216.74   1.04
M     39.00    36   199.79   1.17    39   207.59   1.82
M     41.00    43   189.95   1.63    41   200.36   1.05
M     43.05    46   186.44   1.20    44   188.62   0.97
M     45.20    50   175.52   1.44    51   182.28   1.31
M     47.46    56   168.99   1.15    54   174.95   0.98
M     49.84    62   160.01   1.15    62   166.83   0.88
M     52.33    68   156.38   1.14    67   161.04   0.84
M     54.94    77   149.62   0.90    75   153.34   0.59
M     57.69    80   145.91   0.89    81   148.39   0.89
M     60.58    95   141.52   1.11    89   143.60   0.68
M     63.60   100   138.49   1.06   101   138.73   0.69
M     66.78   106   135.18   0.86   115   135.36   0.68
M     70.12   113   139.07   2.16   122   130.28   0.73
M     73.63   127   136.30   1.84   139   127.18   0.63
M     77.31   145   124.38   0.84   151   124.27   0.62
M     81.18   162   120.18   0.73   165   120.97   0.50
M     85.24   122   117.70   0.69   163   119.21   0.52
M     89.50    81   116.87   1.13    60   117.80   1.17
M     93.97    96   113.36   0.76    64   115.93   1.03
M     98.67   140   111.54   0.65   120   113.37   0.54
M    103.60   165   109.28   0.73   184   110.50   0.46
M    108.79   187   107.93   0.59   293   109.81   0.42
M    114.22   151   107.21   0.68   301   107.54   0.38
M    119.94   163   105.78   0.67   365   106.55   0.38
M    125.93   170   104.60   0.62   393   106.27   0.32
M    132.23   172   104.67   0.88   441   105.15   0.33
M    138.84   173   103.66   0.57   473   103.97   0.30
M    145.78    67   101.45   1.01   534   103.69   0.32
M    153.07    47   103.37   1.40   588   103.08   0.28
M    160.73   274   102.43   0.44   495   103.08   0.28
M    168.76   375   101.31   0.38   637   102.24   0.30
M    177.20   421   101.32   0.39   783   102.21   0.27
M    186.06   519   101.14   0.34   869   101.51   0.24
M    195.36   613   100.42   0.29   948   101.80   0.23
M    205.13   698   100.68   0.27  1059   101.74   0.22
M    215.39   785   100.77   0.26  1164   101.06   0.21
M    226.16  1062   100.32   0.22  1273   100.82   0.19
M    237.46  1410   100.45   0.20  1411   100.93   0.17
M    249.34  1548   100.65   0.18  1534   100.41   0.18
M    261.80  1601   100.38   0.19  1687   100.41   0.17
