###  1237667444048330974 0.1859 30.0 99.156105
# method  r_pixel  n1 i1_cts i1_cts_err n2 i2_cts i2_cts_err
I      3.00    12   791.71   3.30    11   598.87   1.47
I      5.00    12   586.00   1.81    11   449.13   0.78
I      7.00    12   439.28   3.75    11   362.05   2.37
I      9.00    12   369.39   2.90    11   303.05   2.81
M     11.00    11   311.77   3.66    10   278.06   4.12
M     13.00    14   275.23   4.73    13   248.61   4.82
M     15.00    16   250.91   3.42    16   233.10   2.50
M     17.00    16   232.19   1.97    18   219.43   2.12
M     19.00    19   219.01   2.07    19   206.32   1.85
M     21.00    23   204.71   2.10    21   193.44   3.15
M     23.00    24   192.41   1.91    22   189.96   1.38
M     25.00    23   189.57   1.10    24   181.29   1.51
M     27.00    30   181.40   1.06    28   177.58   0.97
M     29.00    26   178.35   0.73    28   169.88   1.97
M     31.00    31   171.69   1.29    31   167.01   1.34
M     33.00    31   167.51   1.39    33   161.36   1.55
M     35.00    38   161.57   1.25    37   155.80   1.56
M     37.00    37   154.73   1.52    35   151.08   1.28
M     39.00    40   150.17   1.34    38   148.57   0.95
M     41.00    37   146.63   0.83    42   144.17   0.72
M     43.05    44   143.19   1.03    45   143.18   0.84
M     45.20    52   140.04   1.11    50   138.92   0.95
M     47.46    56   138.12   0.88    55   134.70   1.00
M     49.84    61   135.70   0.90    63   131.72   0.81
M     52.33    66   131.05   0.71    66   129.34   0.83
M     54.94    73   128.40   0.93    75   125.45   0.84
M     57.69    86   127.30   0.77    82   126.06   0.72
M     60.58    93   125.12   0.88    87   125.60   0.75
M     63.60    96   125.57   0.61   100   125.08   0.60
M     66.78   109   122.05   0.72   110   125.60   0.71
M     70.12   118   121.20   0.63   120   122.90   0.56
M     73.63   115   118.64   0.70   135   119.37   0.65
M     77.31    89   114.63   0.65   147   116.58   0.56
M     81.18   104   113.38   0.80   160   114.38   0.58
M     85.24   105   112.20   0.61   184   112.67   0.49
M     89.50   121   109.79   0.65   179   110.79   0.52
M     93.97   121   109.60   0.64   173   109.95   0.62
M     98.67   103   109.99   0.68   189   109.33   0.49
M    103.60   147   109.06   0.59   200   108.39   0.50
M    108.79   200   108.99   0.48   255   107.55   0.41
M    114.22   247   108.30   0.46   316   106.24   0.36
M    119.94   258   106.66   0.44   355   103.98   0.37
M    125.93   279   105.11   0.41   392   102.75   0.34
M    132.23   299   103.88   0.45   434   102.00   0.33
M    138.84   318   103.30   0.40   476   101.41   0.33
M    145.78   354   103.05   0.44   521   102.09   0.31
M    153.07   390   102.72   0.36   478   102.12   0.32
M    160.73   435   102.15   0.34   389   102.36   0.40
M    168.76   491   102.08   0.32   238   102.75   0.46
M    177.20   547   100.70   0.29   192   102.04   0.52
M    186.06   628   100.01   0.26   326   101.53   0.36
M    195.36   738    99.55   0.26   419   100.71   0.32
M    205.13   848    99.20   0.22   508   100.12   0.31
M    215.39   987    99.31   0.21   567    99.14   0.28
M    226.16  1166    99.08   0.20   634    99.02   0.29
M    237.46  1378    99.14   0.19  1024    99.37   0.20
M    249.34  1174    99.17   0.20  1354    99.40   0.19
M    261.80  1077    98.83   0.20  1670    99.36   0.18
