###  1237667444048658523 0.186 30.0 98.477234
# method  r_pixel  n1 i1_cts i1_cts_err n2 i2_cts i2_cts_err
I      3.00    12  3499.56   9.65    11  7916.37  50.49
I      5.00    12  2204.58   6.16    11  4754.04  28.77
I      7.00    12  1486.30   8.23    11  2858.50  21.41
I      9.00    12  1152.72   7.87    11  1852.44   9.37
M     11.00    12   993.89  17.22    10  1380.97  43.95
M     13.00    15   855.97  14.34    14  1094.61  20.05
M     15.00    16   734.35   9.33    16   915.05  15.97
M     17.00    18   652.22   6.74    17   786.29   8.42
M     19.00    20   582.59   5.31    20   683.20   5.30
M     21.00    22   531.87   4.14    21   609.97   5.48
M     23.00    23   487.23   4.38    23   549.62   3.99
M     25.00    25   440.83   4.05    27   499.76   3.69
M     27.00    28   407.48   3.37    26   458.60   3.32
M     29.00    29   375.90   2.94    31   425.02   3.29
M     31.00    31   351.07   2.47    30   396.47   2.42
M     33.00    33   326.23   2.62    35   369.33   1.79
M     35.00    36   310.20   1.42    35   342.93   2.02
M     37.00    37   291.18   1.53    35   323.48   1.70
M     39.00    40   273.98   1.98    42   305.15   1.87
M     41.00    41   258.11   1.61    42   286.49   1.57
M     43.05    46   245.81   1.33    44   267.94   2.12
M     45.20    49   233.94   1.22    50   255.12   1.37
M     47.46    55   222.31   1.10    53   237.38   1.94
M     49.84    59   210.67   1.27    64   224.48   1.37
M     52.33    66   197.86   1.15    66   208.40   1.49
M     54.94    73   189.08   1.10    77   194.47   1.10
M     57.69    86   178.41   1.06    81   184.12   1.14
M     60.58    87   168.36   0.84    90   172.05   1.06
M     63.60    98   159.22   0.80   104   163.49   0.93
M     66.78   108   151.88   0.95   108   154.58   0.97
M     70.12   119   145.49   0.87   120   147.61   0.76
M     73.63   137   137.57   0.84   134   140.31   0.82
M     77.31   144   134.33   0.70   146   134.16   0.69
M     81.18   164   128.60   0.56   160   127.69   0.77
M     85.24   161   124.69   0.81   181   122.64   0.63
M     89.50    63   121.76   0.93   181   119.14   0.61
M     93.97    44   118.50   1.20   143   114.92   0.78
M     98.67    33   117.19   1.16   119   111.79   0.82
M    103.60    29   112.14   2.60   130   109.71   0.82
M    108.79    30   111.21   1.51   159   107.16   0.70
M    114.22    59   108.89   1.18   244   104.23   0.63
M    119.94   141   105.31   0.62   273   103.72   0.52
M    125.93   281   104.55   0.47   350   100.59   0.53
M    132.23   353   103.12   0.43   429    99.64   0.43
M    138.84   444   101.38   0.38   480    98.76   0.43
M    145.78   523   101.16   0.35   524    98.06   0.41
M    153.07   552   100.65   0.34   577    97.24   0.35
M    160.73   543   100.48   0.34   633    96.61   0.31
M    168.76   688   100.18   0.32   691    96.57   0.32
M    177.20   784    99.74   0.31   701    96.27   0.34
M    186.06   850    98.72   0.30   626    95.57   0.39
M    195.36   938    99.51   0.28   813    95.90   0.31
M    205.13  1038    98.89   0.27  1041    95.42   0.28
M    215.39  1137    98.31   0.26  1137    96.33   0.25
M    226.16  1257    98.02   0.25  1264    96.97   0.23
M    237.46  1391    98.58   0.23  1385    97.14   0.24
M    249.34  1532    97.88   0.22  1500    97.62   0.23
M    261.80  1666    97.85   0.24  1587    98.13   0.21
