###  1237667444585070621 0.1859 30.0 99.684807
# method  r_pixel  n1 i1_cts i1_cts_err n2 i2_cts i2_cts_err
I      3.00    14  3852.98  78.42    13  4898.24 135.00
I      5.00    14  2114.78  32.01    13  2603.21  41.60
I      7.00    14  1386.53  19.22    13  1688.93  14.04
I      9.00    14  1024.90  17.10    13  1198.22   8.19
M     11.00    10   796.79  26.02    11   914.98  29.75
M     13.00    13   633.64  15.91    12   710.79  17.45
M     15.00    16   523.97  11.70    16   581.11  13.27
M     17.00    17   458.53   4.78    18   483.65   5.50
M     19.00    18   421.32   3.47    18   433.28   4.23
M     21.00    20   396.15   2.56    21   396.29   3.69
M     23.00    24   371.79   3.48    23   370.45   2.79
M     25.00    25   345.74   4.63    25   346.42   3.56
M     27.00    25   322.94   5.12    26   319.51   3.20
M     29.00    30   303.13   4.05    29   300.88   4.03
M     31.00    30   275.82   3.74    31   282.92   3.25
M     33.00    33   258.01   3.18    32   268.28   2.37
M     35.00    34   240.72   3.92    37   253.48   2.43
M     37.00    38   232.23   2.60    36   238.22   2.61
M     39.00    39   217.73   3.01    35   235.74   2.19
M     41.00    40   213.47   2.67    39   227.36   1.55
M     43.05    44   206.95   1.62    49   219.93   1.66
M     45.20    49   200.33   1.44    48   211.44   2.11
M     47.46    58   193.02   1.38    54   203.95   1.46
M     49.84    60   183.19   0.99    62   191.19   1.51
M     52.33    65   173.89   1.02    63   180.42   1.22
M     54.94    71   164.70   0.99    76   168.47   1.10
M     57.69    82   155.06   1.05    82   157.56   1.10
M     60.58    84   147.98   0.94    85   147.63   0.74
M     63.60    99   138.78   0.65    95   140.28   0.87
M     66.78   109   129.76   0.70   106   133.03   0.56
M     70.12   118   126.34   0.76   122   126.39   0.78
M     73.63   130   121.07   0.61   126   121.99   0.67
M     77.31   145   117.39   0.68   148   118.71   0.62
M     81.18   149   114.16   0.57   157   115.35   0.47
M     85.24   138   111.33   0.62   163   112.27   0.56
M     89.50   166   108.46   0.57   170   108.51   0.58
M     93.97   209   106.06   0.47   187   106.91   0.54
M     98.67   238   104.56   0.44   208   104.06   0.54
M    103.60   258   103.76   0.43   233   103.49   0.42
M    108.79   285   103.31   0.44   288   102.56   0.39
M    114.22   317   101.89   0.37   313   102.16   0.37
M    119.94   327   101.18   0.40   340   101.36   0.29
M    125.93   120   102.06   0.64   310   102.18   0.35
M    132.23    66   101.62   1.00   138   100.86   0.58
M    138.84    69   100.85   0.69   108   100.63   0.67
M    145.78   102   100.10   0.65   171   100.36   0.47
M    153.07   229   100.22   0.50   402   100.58   0.34
M    160.73   431   100.43   0.29   462   100.47   0.31
M    168.76   588   100.11   0.26   444   100.02   0.29
M    177.20   729    99.41   0.24   448    99.50   0.31
M    186.06   837    99.65   0.23   453   100.58   0.31
M    195.36   920    99.58   0.22   478    99.84   0.28
M    205.13  1016    99.66   0.21   595   100.11   0.27
M    215.39  1115    99.62   0.19   748    99.55   0.25
M    226.16  1235    99.10   0.20  1014    99.45   0.21
M    237.46  1372    99.72   0.18  1344    99.63   0.18
M    249.34  1474   100.10   0.18  1285    99.50   0.18
M    261.80  1491    99.84   0.17  1405    99.88   0.17
