###  1237667323260436605 0.186 30.0 99.937096
# method  r_pixel  n1 i1_cts i1_cts_err n2 i2_cts i2_cts_err
I      3.00    10   527.77  10.30     9   693.26  17.84
I      5.00    10   321.95   3.91     9   428.52  12.43
I      7.00    10   230.47   1.33     9   282.76   8.17
I      9.00    10   189.98   1.04     9   210.44   3.10
M     11.00    12   166.87   2.36    12   180.71   4.09
M     13.00    12   147.99   0.99    14   154.43   3.28
M     15.00    15   141.83   2.20    16   140.91   1.71
M     17.00    17   129.71   1.40    14   132.99   1.21
M     19.00    21   123.87   1.51    21   128.56   1.44
M     21.00    22   118.82   1.19    21   125.15   0.80
M     23.00    24   116.45   0.79    24   124.38   1.65
M     25.00    23   114.78   0.99    22   122.72   1.93
M     27.00    28   111.40   0.63    14   117.45   2.45
M     29.00    28   108.58   0.93    10   111.87   1.56
M     31.00    34   107.47   0.95    11   107.96   0.79
M     33.00    34   106.90   0.98    12   106.43   1.96
M     35.00    38   105.65   0.77    14   104.17   1.55
M     37.00    38   105.06   0.67    11   106.93   0.64
M     39.00    37   103.41   0.72    14   103.93   1.31
M     41.00    39   102.73   0.61    14   103.15   0.93
M     43.05    46   103.27   0.71    22   104.08   1.07
M     45.20    49   101.71   0.75    24   103.43   1.02
M     47.46    62   101.15   0.61    35   102.44   1.11
M     49.84    60   100.46   0.57    37   100.47   0.88
M     52.33    70   100.57   0.60    49   101.36   0.75
M     54.94    75   101.01   0.64    62   100.71   0.73
M     57.69    84   100.00   0.59    80   101.18   0.53
M     60.58    77   100.45   0.62    95   100.57   0.68
M     63.60    67   100.52   0.52   100    99.50   0.52
M     66.78    68   100.23   0.62   115    99.33   0.55
M     70.12    77   101.44   0.59   122   100.13   0.64
M     73.63    87   100.16   0.47   141    99.65   0.53
M     77.31   107   100.40   0.57   150    98.35   0.41
M     81.18   157   100.17   0.43   163    99.76   0.42
M     85.24   178    99.92   0.40   180    99.69   0.43
M     89.50   161    99.87   0.43   204    99.94   0.39
M     93.97   112    99.16   0.53   220    99.42   0.39
M     98.67   101    99.24   0.49   248    99.58   0.35
M    103.60    96    99.71   0.55   275    99.66   0.35
M    108.79   104   100.21   0.48   294    99.58   0.31
M    114.22   122    99.34   0.49   242    98.82   0.36
M    119.94   164   100.37   0.31   234    99.46   0.38
M    125.93   223   100.63   0.32   235   100.25   0.35
M    132.23   363   100.09   0.28   248   100.14   0.33
M    138.84   461   100.44   0.26   287    99.48   0.31
M    145.78   538    99.53   0.23   355    99.52   0.27
M    153.07   593   100.67   0.23   493    99.79   0.24
M    160.73   650    99.78   0.23   655    99.87   0.22
M    168.76   717   100.37   0.22   695    99.62   0.20
M    177.20   797   100.04   0.19   718   100.24   0.20
M    186.06   860   100.00   0.20   763    99.59   0.19
M    195.36   743   100.20   0.21   863    99.59   0.19
M    205.13   787   100.03   0.20   947    99.73   0.18
M    215.39  1091    99.93   0.17  1167    99.94   0.17
M    226.16  1292    99.94   0.16  1278    99.64   0.15
M    237.46  1299   100.22   0.17  1419    99.90   0.15
M    249.34  1231   100.22   0.16  1524    99.81   0.15
M    261.80  1555   100.10   0.14  1428   100.23   0.16
