###  1237667444048265310 0.186 30.0 99.639885
# method  r_pixel  n1 i1_cts i1_cts_err n2 i2_cts i2_cts_err
I      3.00    12   954.85   0.97    11   995.14   6.81
I      5.00    12   732.28   3.30    11   763.50   5.31
I      7.00    12   595.14   4.49    11   621.30   3.13
I      9.00    12   515.06   1.16    11   526.36   3.16
M     11.00    11   445.36   4.15    10   467.62   6.74
M     13.00    13   410.46   4.23    15   426.04   6.09
M     15.00    15   384.17   3.46    15   391.69   5.20
M     17.00    16   361.89   2.43    16   369.91   4.42
M     19.00    20   337.30   2.19    15   349.08   3.79
I     21.00    12   323.52   1.56    11   327.15   1.28
M     23.00    20   300.84   1.42    10   308.49   5.94
I     25.00    12   282.49   2.26    11   286.01   1.54
I     27.00    12   267.05   1.88    11   276.06   2.32
I     29.00    12   253.84   1.70    11   257.14   0.96
I     31.00    12   238.97   1.68    11   244.04   1.57
I     33.00    12   227.14   2.26    11   229.58   1.23
I     35.00    12   214.67   1.43    11   223.15   2.08
I     37.00    12   203.99   1.70    11   210.60   0.88
I     39.00    12   200.11   1.39    11   203.34   2.36
M     41.00    39   190.02   1.09    10   197.95   2.93
M     43.05    47   181.24   1.22    13   186.49   1.23
M     45.20    52   173.62   1.23    14   172.67   0.90
M     47.46    55   167.25   1.34    18   163.33   1.35
M     49.84    62   161.27   0.83    22   160.87   1.99
M     52.33    67   157.96   0.85    29   157.15   1.24
M     54.94    77   152.73   1.07    35   156.71   1.01
M     57.69    82   149.12   0.92    44   151.14   1.07
M     60.58    92   144.43   0.83    55   146.86   0.87
M     63.60    99   137.78   0.67    60   137.74   0.89
M     66.78   110   131.08   0.72    87   133.34   0.87
M     70.12   124   125.55   0.74   102   127.15   0.70
M     73.63   132   122.27   0.65   124   123.19   0.72
M     77.31   145   117.43   0.62   146   121.18   0.62
M     81.18   148   114.48   0.54   164   118.68   0.59
M     85.24   112   111.91   0.65   172   114.75   0.57
M     89.50    67   110.62   0.91   202   112.40   0.54
M     93.97    66   108.68   0.91   209   110.04   0.46
M     98.67    89   106.83   0.74   157   107.40   0.58
M    103.60    95   106.77   0.75    95   106.60   0.65
M    108.79    19   104.60   1.72   140   104.43   0.57
I    114.22    12   106.44   1.90    11   104.78   0.77
I    119.94    12   107.74   1.57    11   106.44   2.26
I    125.93    12   101.50   1.18    11   102.00   2.28
M    132.23    42   100.74   1.31   296   102.57   0.46
M    138.84   168   100.76   0.53   368   101.83   0.37
M    145.78   348   100.21   0.34   517   101.32   0.35
M    153.07   396   100.22   0.33   576   101.46   0.30
M    160.73   486   100.28   0.29   573   100.72   0.30
M    168.76   684    99.55   0.24   594   100.30   0.29
M    177.20   781    99.24   0.26   728   100.27   0.27
M    186.06   854    99.33   0.23   855   100.17   0.24
M    195.36   933    99.89   0.21   935   100.25   0.22
M    205.13  1035    99.59   0.21  1035    99.62   0.22
M    215.39  1141    99.35   0.20  1154   100.22   0.21
M    226.16  1270    99.56   0.20  1266    99.79   0.20
M    237.46  1390    99.49   0.18  1396    99.92   0.20
M    249.34  1536    99.27   0.18  1543   100.27   0.18
M    261.80  1690    99.38   0.16  1603   100.04   0.18
