###  1237667442974785781 0.186 30.0 99.795181
# method  r_pixel  n1 i1_cts i1_cts_err n2 i2_cts i2_cts_err
I      3.00    18   356.61   2.08    17   397.81   2.29
I      5.00    18   309.27   3.38    17   340.93   1.40
I      7.00    18   287.08   1.75    17   301.91   1.07
I      9.00    18   248.01   4.33    17   274.88   1.25
M     11.00    10   236.64   6.27    10   249.37   2.92
M     13.00    12   225.78   4.86    12   234.58   1.11
M     15.00    17   210.98   2.60    13   223.28   2.30
M     17.00    17   202.77   2.33    18   208.55   1.51
M     19.00    15   194.89   1.49    17   201.81   0.94
M     21.00    19   187.62   1.99    22   193.82   1.81
M     23.00    23   184.75   1.52    18   189.88   1.25
M     25.00    24   179.76   1.88    25   186.60   1.75
M     27.00    28   178.61   2.16    25   179.91   0.81
M     29.00    25   173.37   2.80    27   174.72   1.55
M     31.00    32   166.96   1.96    30   169.75   1.44
M     33.00    32   165.17   2.05    28   165.96   1.14
M     35.00    36   156.72   1.77    36   159.48   1.02
M     37.00    35   148.29   2.07    34   154.16   1.13
M     39.00    34   143.86   1.56    38   143.08   1.16
M     41.00    39   138.62   1.48    39   136.99   1.30
M     43.05    47   133.29   1.86    42   132.98   1.34
M     45.20    46   129.39   1.26    47   130.63   0.98
M     47.46    54   126.10   1.03    51   126.15   0.67
M     49.84    53   124.01   1.12    58   123.35   0.68
M     52.33    65   121.58   1.09    64   120.34   0.74
M     54.94    72   120.76   0.99    65   118.87   0.65
M     57.69    74   117.67   0.77    77   117.13   0.52
M     60.58    87   114.87   0.77    81   114.89   0.54
M     63.60    94   113.88   0.62   101   113.40   0.50
M     66.78    97   111.81   0.60   101   110.43   0.47
M     70.12   116   110.35   0.69   116   110.32   0.45
M     73.63   125   109.38   0.56   124   107.06   0.45
M     77.31   127   109.00   0.60   141   107.17   0.43
M     81.18   129   106.10   0.47   151   105.38   0.44
M     85.24    73   105.02   0.63   172   105.25   0.42
M     89.50    39   105.37   0.60   187   104.16   0.38
M     93.97    36   102.35   0.89   203   103.19   0.33
M     98.67    35   104.00   0.79   226   103.58   0.39
M    103.60    38   103.37   0.60   249   103.29   0.30
M    108.79    47   103.58   0.60   272   102.21   0.28
M    114.22    46   102.05   0.77   305   102.53   0.33
M    119.94    43   101.92   0.82   330   101.24   0.27
M    125.93    36   102.18   0.66   371   101.23   0.27
M    132.23    16   101.01   0.80   400   100.29   0.24
I    138.84    18   105.94   7.02    17    99.69   0.84
I    145.78    18   110.98   5.22    17   101.05   1.09
I    153.07    18   108.47   2.43    17   100.68   1.45
I    160.73    18   102.58   1.77    17    99.58   0.66
I    168.76    18   101.96   0.73    17    99.85   0.70
I    177.20    18   100.89   0.61    17    99.30   0.96
M    186.06   349    99.75   0.27   799    99.40   0.18
M    195.36   630    99.87   0.19   872    99.31   0.16
M    205.13   746   100.00   0.18   984    99.49   0.16
M    215.39   880   100.02   0.16  1084    99.56   0.16
M    226.16  1129    99.95   0.15  1188    99.68   0.14
M    237.46  1180    99.48   0.15  1181    99.58   0.15
M    249.34  1318    99.52   0.14  1047    99.88   0.16
M    261.80  1603   100.06   0.13  1070   100.34   0.15
