###  1237667443511656567 0.1859 30.0 99.950455
# method  r_pixel  n1 i1_cts i1_cts_err n2 i2_cts i2_cts_err
I      3.00    14  1871.72   7.36    13  3735.95  15.28
I      5.00    14  1290.07   7.81    13  2396.99  16.64
I      7.00    14   966.18   6.19    13  1555.45  13.04
I      9.00    14   786.85   5.99    13  1122.98   2.51
M     11.00    12   669.52  12.72    11   868.86  23.56
M     13.00    11   583.58   7.79    15   718.63  15.06
M     15.00    15   518.06   8.09    14   611.21   9.18
M     17.00    17   469.35   6.78    17   543.49   6.65
M     19.00    19   432.11   6.88    18   485.59   6.47
M     21.00    22   394.56   8.18    21   446.84   4.24
M     23.00    22   378.55   9.46    22   409.95   6.75
M     25.00    24   361.72   6.60    26   381.93   6.87
M     27.00    26   349.22   8.55    27   361.36   7.09
M     29.00    30   342.89   5.78    31   343.36   8.19
M     31.00    30   333.84   6.48    30   336.06   6.51
M     33.00    35   319.50   6.18    35   321.81   6.59
M     35.00    34   306.06   3.87    35   308.75   6.22
M     37.00    39   286.59   3.87    37   296.36   4.61
M     39.00    39   261.40   3.13    39   278.66   4.13
M     41.00    42   239.11   1.85    41   257.54   2.79
M     43.05    44   217.27   1.64    46   237.01   1.39
M     45.20    53   199.34   1.32    49   219.82   1.29
M     47.46    57   187.81   1.03    54   203.72   1.26
M     49.84    57   178.57   1.38    62   187.85   1.12
M     52.33    70   171.47   1.19    65   176.11   1.54
M     54.94    76   164.43   1.20    75   170.76   1.41
M     57.69    79   159.14   1.03    82   162.84   1.36
M     60.58    90   154.34   0.78    89   159.90   1.39
M     63.60    98   150.57   0.91   101   154.42   1.21
M     66.78   113   146.42   0.73   108   150.70   0.95
M     70.12   118   142.36   0.68   117   146.80   0.73
M     73.63   132   137.75   0.47   135   141.96   0.66
M     77.31   144   132.73   0.58   134   135.96   0.52
M     81.18   159   127.78   0.50   132   130.68   0.40
M     85.24   178   124.70   0.39   145   127.85   0.39
M     89.50   193   121.76   0.36   159   124.49   0.38
M     93.97   212   118.85   0.36   190   122.43   0.45
M     98.67   234   116.43   0.36   211   118.05   0.40
M    103.60   265   113.91   0.32   251   115.93   0.35
M    108.79   292   112.02   0.30   218   114.88   0.38
M    114.22   308   110.12   0.28   193   112.50   0.37
M    119.94   352   108.04   0.30   250   110.05   0.42
M    125.93   359   106.28   0.33   274   107.08   0.37
M    132.23   317   104.41   0.33   228   105.24   0.35
M    138.84   458   103.72   0.30   231   103.36   0.29
M    145.78   521   102.66   0.25   313   102.36   0.31
M    153.07   571   102.39   0.26   521   101.81   0.21
M    160.73   630   101.69   0.24   632   101.49   0.20
M    168.76   690   101.02   0.23   565   101.00   0.21
M    177.20   767   100.77   0.22   730   101.07   0.16
M    186.06   842   100.03   0.22   849   100.26   0.17
M    195.36   925    99.83   0.19   927   100.29   0.17
M    205.13  1023   100.31   0.19  1016   100.30   0.16
M    215.39  1129    99.99   0.17  1124   100.07   0.14
M    226.16  1243   100.23   0.16  1115   100.14   0.15
M    237.46  1373    99.80   0.16  1177   100.17   0.15
M    249.34  1520    99.92   0.15  1509   100.10   0.13
M    261.80  1662    99.48   0.15  1622    99.99   0.13
M    274.89   848    99.81   0.21   851   100.07   0.19
