###  1237667253482618902 0.1861 30.0 99.635345
# method  r_pixel  n1 i1_cts i1_cts_err n2 i2_cts i2_cts_err
I      3.00    16  3661.59 184.50    15  1089.23  16.31
I      5.00    16  4738.65 533.87    15   836.49   8.23
I      7.00    16  3952.37 594.24    15   653.83   6.07
I      9.00    16  2601.40 313.04    15   551.51   5.71
M     11.00    10  1689.77 234.01    10   503.27   7.03
M     13.00    12  1323.59 105.61    13   467.65   4.15
M     15.00    15   908.12  48.46    14   431.39   2.92
M     17.00    16   681.81  15.02    18   416.18   2.14
M     19.00    21   594.14  11.84    19   407.59   2.45
M     21.00    18   525.78   5.02    20   404.91   2.18
M     23.00    21   480.56   4.08    21   384.73   3.69
M     25.00    24   453.40   1.61    24   363.81   6.28
M     27.00    28   444.73   2.38    27   330.95   5.16
M     29.00    28   437.91   4.07    28   304.64   2.65
M     31.00    30   428.41   4.52    30   294.52   2.18
M     33.00    33   398.20   6.27    31   284.20   2.03
M     35.00    33   363.17  10.10    34   283.54   2.36
M     37.00    37   338.49   9.76    37   280.19   3.63
M     39.00    42   306.49   8.55    37   269.48   2.09
M     41.00    42   281.46   5.88    41   254.19   1.83
M     43.05    45   268.81   5.64    45   238.92   1.75
M     45.20    47   255.48   4.75    51   230.11   1.19
M     47.46    56   245.15   4.02    52   223.07   0.88
M     49.84    56   236.33   3.62    59   217.36   1.39
M     52.33    69   230.72   3.47    65   208.01   1.21
M     54.94    70   229.96   4.00    72   201.36   1.00
M     57.69    82   233.36   4.57    80   188.66   1.12
M     60.58    87   233.08   4.68    86   178.47   0.86
M     63.60   100   234.45   5.24    93   170.18   0.70
M     66.78    97   230.33   5.36   108   164.33   1.03
M     70.12   114   221.58   5.10   117   157.63   0.81
M     73.63   133   210.22   4.18   133   151.90   0.89
M     77.31   143   210.34   4.45   140   143.70   0.65
M     81.18   142   203.82   5.01   161   135.05   0.63
M     85.24   166   200.83   4.92   170   129.09   0.62
M     89.50   190   185.25   3.51   192   125.86   0.56
M     93.97   201   173.66   2.13   218   123.78   0.60
M     98.67   211   157.07   0.77   230   119.33   0.46
M    103.60   250   154.08   0.81   247   116.08   0.47
M    108.79   286   149.09   0.91   220   114.18   0.50
M    114.22   314   144.26   0.93   235   113.31   0.50
M    119.94   348   137.06   0.95   171   113.30   0.58
M    125.93   383   127.90   0.76   219   111.79   0.48
M    132.23   420   119.15   0.52   294   111.63   0.40
M    138.84   454   113.51   0.40   217   112.39   0.51
M    145.78   499   109.74   0.36   151   112.72   0.61
M    153.07   559   107.83   0.33   213   107.58   0.48
M    160.73   604   105.46   0.28   467   106.23   0.32
M    168.76   493   104.02   0.29   650   103.81   0.28
M    177.20   267   103.48   0.40   594   102.77   0.28
M    186.06   128   104.32   0.67   666   102.70   0.29
M    195.36    49   104.56   0.83   819   101.92   0.24
I    205.13    16   104.09   2.34    15   100.03   1.58
I    215.39    16   106.03   7.05    15    99.33   1.86
I    226.16    16   104.93   5.19    15   101.93   1.39
I    237.46    16   102.53   3.03    15   102.46   2.10
I    249.34    16   102.00   1.19    15   100.38   0.99
M    261.80   301   100.51   0.40  1463   100.31   0.19
