###  1237667322723369088 0.186 30.0 99.826599
# method  r_pixel  n1 i1_cts i1_cts_err n2 i2_cts i2_cts_err
I      3.00    10   409.88   0.40     9   363.93   2.52
I      5.00    10   330.83   2.35     9   315.23   2.96
I      7.00    10   299.40   0.33     9   285.48   1.68
M      9.00    10   273.91   4.75    10   260.12   4.90
M     11.00    12   251.41   4.41    11   233.36   2.23
M     13.00    13   237.02   3.00    13   215.05   2.33
M     15.00    14   215.49   2.26    14   199.77   2.65
M     17.00    17   207.14   1.22    15   194.51   1.27
M     19.00    20   198.31   1.93    20   186.69   1.66
M     21.00    22   192.33   2.61    21   184.18   2.21
M     23.00    24   183.28   1.84    25   174.95   1.37
M     25.00    24   179.18   1.21    25   166.37   1.28
M     27.00    27   167.77   1.77    29   158.39   1.81
M     29.00    28   162.33   1.42    30   153.46   1.76
M     31.00    32   161.12   1.54    31   146.94   1.50
M     33.00    32   157.76   1.03    33   142.71   1.11
M     35.00    34   156.76   0.86    35   141.47   1.71
M     37.00    39   155.84   1.56    38   141.69   1.05
M     39.00    38   153.64   1.11    40   138.87   1.42
M     41.00    43   148.74   1.42    43   136.07   1.08
M     43.05    45   138.90   1.19    45   133.68   1.36
M     45.20    51   129.07   0.82    53   130.81   0.88
M     47.46    57   123.98   1.16    58   126.93   1.03
M     49.84    61   118.82   1.11    59   122.90   0.87
M     52.33    71   115.41   0.80    73   121.38   0.89
M     54.94    71   111.14   0.66    71   120.62   0.77
M     57.69    81   107.73   0.64    81   115.48   0.69
M     60.58    92   107.86   0.76    90   113.65   0.67
M     63.60   100   105.42   0.69   103   111.83   0.75
M     66.78   116   103.94   0.75   111   108.04   0.60
M     70.12   122   103.05   0.61   122   106.23   0.62
M     73.63   134   103.78   0.58   135   104.31   0.57
M     77.31   145   102.30   0.58   148   102.99   0.48
M     81.18   164   102.30   0.55   164   103.02   0.55
M     85.24   182   102.47   0.50   184   103.16   0.47
M     89.50   206   101.60   0.49   204   101.73   0.43
M     93.97   213   100.72   0.47   213   101.50   0.43
M     98.67   245   102.07   0.42   249   100.70   0.38
M    103.60   267   100.65   0.39   267   100.05   0.41
M    108.79   294   100.24   0.37   296    99.85   0.36
M    114.22   326   100.86   0.33   332    99.95   0.34
M    119.94   359   100.40   0.31   361    99.77   0.30
M    125.93   398    99.85   0.34   393    99.49   0.29
M    132.23   434   100.08   0.31   433    99.29   0.26
M    138.84   486    99.65   0.31   480    99.70   0.25
M    145.78   522   100.06   0.26   525    99.75   0.27
M    153.07   592    99.59   0.26   589    99.74   0.26
M    160.73   635    99.74   0.25   638    99.96   0.25
M    168.76   721    99.98   0.25   703    99.57   0.21
M    177.20   778    99.71   0.22   786   100.02   0.22
M    186.06   859    99.90   0.21   869    99.81   0.22
M    195.36   958    99.85   0.20   952    99.96   0.20
M    205.13  1050    99.55   0.19   986   100.01   0.20
M    215.39  1147   100.00   0.18  1008   100.43   0.18
M    226.16  1055   100.26   0.18   866   100.58   0.20
M    237.46   962   100.02   0.18   709   100.73   0.22
M    249.34   981   100.05   0.18   779   100.20   0.19
M    261.80  1163    99.71   0.17  1187   100.29   0.17
