###  1237667444048658522 0.1861 30.0 97.585861
# method  r_pixel  n1 i1_cts i1_cts_err n2 i2_cts i2_cts_err
I      3.00    14  4253.40  61.47    13  6225.13 214.18
I      5.00    14  2677.69  39.34    13  3880.25 148.85
I      7.00    14  1868.37  27.29    13  2498.12  80.05
I      9.00    14  1399.47  23.78    13  1792.26  42.25
M     11.00    10  1105.53  40.84    11  1325.17  32.24
M     13.00    14   908.49  15.78    13  1083.32  26.48
M     15.00    16   762.85  13.46    15   905.29  19.54
M     17.00    17   661.70   9.45    16   770.50  16.18
M     19.00    18   584.14   7.94    19   672.07   9.53
M     21.00    20   521.87   6.88    23   590.89   5.45
M     23.00    24   481.93   6.29    24   528.38   4.89
M     25.00    26   444.97   7.45    26   487.31   3.54
M     27.00    28   415.92   6.33    26   450.19   3.43
M     29.00    28   390.91   5.10    27   426.66   2.97
M     31.00    33   373.59   4.81    31   402.88   2.23
M     33.00    34   357.49   5.61    33   382.31   2.73
M     35.00    35   343.24   5.66    37   369.24   2.96
M     37.00    39   333.14   6.53    37   350.79   3.24
M     39.00    39   319.35   6.04    38   337.28   4.27
M     41.00    42   301.71   5.44    42   322.31   3.48
M     43.05    45   284.66   5.15    46   307.17   2.96
M     45.20    53   266.63   5.39    50   288.35   3.32
M     47.46    53   252.33   4.32    53   268.36   1.77
M     49.84    65   238.80   3.90    61   251.06   1.71
M     52.33    66   229.54   3.60    69   236.91   1.50
M     54.94    77   217.35   3.02    75   221.18   1.28
M     57.69    82   207.64   2.45    82   208.24   1.22
M     60.58    90   192.96   2.14    87   194.60   1.18
M     63.60   100   181.29   1.86    99   181.64   0.75
M     66.78   110   167.74   1.30   109   170.53   1.04
M     70.12   116   156.08   1.14   121   159.38   1.10
M     73.63   135   144.89   1.01   136   147.19   0.82
M     77.31   150   138.05   0.69   144   141.52   0.84
M     81.18   162   133.54   0.79   154   135.35   0.72
M     85.24   174   130.94   0.67   184   130.86   0.70
M     89.50   197   125.53   0.68   194   126.54   0.59
M     93.97   215   119.98   0.62   212   121.91   0.58
M     98.67   230   116.56   0.51   246   116.93   0.58
M    103.60   251   111.21   0.54   261   114.30   0.52
M    108.79   195   105.30   0.70   284   109.01   0.45
M    114.22   191   102.02   0.70   318   104.05   0.42
M    119.94   219    99.10   0.62   355   101.48   0.45
M    125.93   320    98.27   0.52   391   100.55   0.48
M    132.23   424    96.80   0.41   424    99.79   0.39
M    138.84   468    96.77   0.40   476    97.81   0.40
M    145.78   520    95.85   0.41   524    96.58   0.38
M    153.07   511    94.97   0.40   569    96.52   0.36
M    160.73   471    94.16   0.44   626    95.77   0.33
M    168.76   520    93.80   0.40   701    96.05   0.35
M    177.20   693    94.72   0.36   779    97.34   0.35
M    186.06   847    94.25   0.31   801    96.56   0.34
M    195.36   936    95.07   0.31   799    96.52   0.33
M    205.13  1025    94.97   0.29   868    97.43   0.31
M    215.39  1092    94.62   0.28   956    98.44   0.30
M    226.16  1192    95.25   0.28   718    98.87   0.31
M    237.46  1313    95.78   0.26   485    98.99   0.40
M    249.34  1248    95.15   0.25   535    98.73   0.36
M    261.80  1377    95.25   0.25   731    98.88   0.28
