###  1237667442438373472 0.186 30.0 99.863777
# method  r_pixel  n1 i1_cts i1_cts_err n2 i2_cts i2_cts_err
I      3.00    10   577.81   2.40     9   603.23   5.44
I      5.00    10   453.43   1.34     9   475.73   5.29
I      7.00    10   367.57   1.43     9   371.31   3.46
I      9.00    10   288.71   2.78     9   311.22   1.75
M     11.00    12   253.83   3.78    12   253.66   4.10
M     13.00    13   219.98   3.30    10   229.54   1.84
M     15.00    16   199.75   1.96    16   205.79   1.74
M     17.00    16   182.12   1.32    18   190.13   1.63
M     19.00    20   169.54   1.29    21   175.57   2.20
M     21.00    19   162.67   0.93    21   165.16   1.17
M     23.00    25   151.86   1.29    23   157.17   0.90
M     25.00    28   146.18   0.99    25   149.43   1.41
M     27.00    30   139.55   0.67    27   143.98   0.84
M     29.00    28   132.41   0.63    32   139.00   0.96
M     31.00    31   127.38   1.07    32   130.47   1.06
M     33.00    34   124.66   0.83    35   127.06   0.97
M     35.00    37   119.91   0.62    34   122.45   1.01
M     37.00    35   115.66   0.76    38   119.88   0.79
M     39.00    31   114.07   0.79    39   116.15   0.67
M     41.00    24   110.39   0.82    44   113.24   0.67
M     43.05    29   110.80   0.92    46   111.63   0.66
M     45.20    29   107.98   1.01    52   110.51   0.87
M     47.46    29   106.79   0.91    53   107.75   0.58
M     49.84    29   105.57   0.81    66   106.34   0.59
M     52.33    35   103.36   0.76    66   104.47   0.68
M     54.94    37   103.90   0.84    80   104.88   0.64
M     57.69    41   101.25   0.80    79   103.14   0.48
M     60.58    46   102.06   0.67    90   103.12   0.66
M     63.60    49   102.21   0.69   107   102.18   0.54
M     66.78    68   102.29   0.57   110   102.44   0.43
M     70.12    74   101.49   0.59   122   102.15   0.41
M     73.63    88   101.19   0.47   136   100.41   0.48
M     77.31   105    99.94   0.43   157   100.40   0.41
M     81.18   134   100.43   0.44   163   100.97   0.35
M     85.24   160   100.17   0.39   185   100.20   0.34
M     89.50   195   100.30   0.32   193   100.09   0.28
M     93.97   162   100.28   0.35   224   100.34   0.33
M     98.67   138   100.13   0.44   245   100.50   0.31
M    103.60   147    99.38   0.45   272   100.35   0.26
M    108.79   194   100.08   0.34   300    99.82   0.29
M    114.22   316   100.03   0.27   331   100.09   0.27
M    119.94   361    99.78   0.24   361    99.76   0.24
M    125.93   398    99.93   0.23   402   100.22   0.22
M    132.23   436    99.77   0.21   430    99.60   0.21
M    138.84   485   100.06   0.21   493    99.94   0.20
M    145.78   533    99.88   0.20   533    99.99   0.20
M    153.07   596    99.86   0.21   585    99.72   0.18
M    160.73   654    99.80   0.19   649    99.87   0.19
M    168.76   716   100.21   0.17   723    99.92   0.17
M    177.20   797   100.32   0.17   789    99.83   0.18
M    186.06   743    99.99   0.17   880    99.75   0.16
M    195.36   635    99.92   0.18   957    99.96   0.15
M    205.13   694    99.92   0.18  1058    99.99   0.14
M    215.39   812    99.64   0.16  1173    99.61   0.14
M    226.16  1033   100.02   0.14  1287    99.81   0.13
M    237.46  1373    99.93   0.13  1405    99.97   0.13
M    249.34  1562    99.91   0.12  1090   100.04   0.14
M    261.80  1733    99.88   0.11   914   100.00   0.15
