###  1237667444585726198 0.1859 30.0 99.863602
# method  r_pixel  n1 i1_cts i1_cts_err n2 i2_cts i2_cts_err
I      3.00    14  1204.22  10.03    13  1427.63   5.27
I      5.00    14   909.48  14.19    13  1118.92   2.38
I      7.00    14   670.44  19.27    13   845.93   4.01
I      9.00    14   547.72  12.38    13   646.25   6.75
M     11.00    12   455.01  12.27    12   512.15   9.65
M     13.00    13   384.61   9.07    12   438.40  10.54
M     15.00    13   334.05   5.76    17   377.09   5.30
M     17.00    16   306.21   4.47    16   330.39   5.37
M     19.00    17   281.33   4.11    20   301.89   3.91
M     21.00    23   258.67   3.06    19   275.45   2.65
M     23.00    21   237.78   2.44    21   254.05   2.78
M     25.00    26   226.95   2.96    26   239.81   3.13
M     27.00    26   213.80   1.86    27   222.89   2.06
M     29.00    27   199.79   1.48    29   208.62   1.97
M     31.00    32   191.19   1.57    31   197.87   1.95
M     33.00    32   183.54   1.38    31   189.63   1.30
M     35.00    35   174.18   1.61    35   179.24   1.36
M     37.00    37   167.54   1.40    38   171.74   1.52
M     39.00    39   162.81   1.25    37   166.42   0.97
M     41.00    40   160.23   1.22    40   162.47   1.24
M     43.05    46   154.49   0.99    44   157.72   1.03
M     45.20    46   149.87   1.19    49   153.63   1.13
M     47.46    52   146.39   1.10    55   145.99   1.21
M     49.84    61   143.07   1.09    57   143.99   0.74
M     52.33    65   143.26   1.02    67   140.56   0.84
M     54.94    75   141.22   1.40    71   136.61   0.94
M     57.69    81   140.35   1.33    79   135.33   0.79
M     60.58    88   137.07   1.27    91   133.84   0.82
M     63.60   100   132.43   0.97    96   130.57   0.57
M     66.78   110   130.60   0.98   107   129.84   0.65
M     70.12   113   129.46   0.94   118   127.79   0.58
M     73.63   128   125.17   0.79   134   125.75   0.60
M     77.31   142   124.39   0.59   143   125.02   0.58
M     81.18   158   121.78   0.71   158   124.26   0.57
M     85.24   178   118.75   0.64   171   123.39   0.54
M     89.50   184   116.44   0.56   197   120.20   0.44
M     93.97   189   112.53   0.65   213   117.52   0.44
M     98.67   190   109.30   0.55   238   114.53   0.44
M    103.60   211   107.17   0.62   242   112.17   0.43
M    108.79   237   106.71   0.54   254   110.15   0.39
M    114.22   290   106.13   0.48   281   109.25   0.37
M    119.94   352   105.31   0.46   310   108.55   0.40
M    125.93   357   104.15   0.44   300   106.61   0.36
M    132.23   358   103.92   0.37   345   105.35   0.34
M    138.84   415   103.90   0.34   451   104.41   0.30
M    145.78   508   103.71   0.33   513   104.16   0.28
M    153.07   566   102.20   0.34   571   103.75   0.27
M    160.73   624   102.19   0.33   628   103.48   0.26
M    168.76   691   102.11   0.29   694   102.79   0.25
M    177.20   763   101.11   0.29   761   101.91   0.24
M    186.06   842   100.40   0.28   844   100.89   0.23
M    195.36   929   101.23   0.26   917   100.98   0.21
M    205.13  1015   101.02   0.25  1021   100.90   0.21
M    215.39  1110   100.47   0.21  1114   100.65   0.19
M    226.16  1212   100.66   0.18  1228    99.96   0.19
M    237.46  1155   100.29   0.20  1365   100.13   0.17
M    249.34  1345   100.81   0.21  1505   100.30   0.17
M    261.80  1637   100.60   0.20  1670   100.25   0.16
