###  1237665440442089583 0.186 30.0 99.713722
# method  r_pixel  n1 i1_cts i1_cts_err n2 i2_cts i2_cts_err
I      3.00    16  4062.22  50.11    15  5217.83  92.94
I      5.00    16  2591.45  39.17    15  3251.40  57.01
I      7.00    16  1809.95  23.20    15  2200.07  43.83
M      9.00    11  1340.62  56.53    10  1565.61  94.60
I     11.00    16   953.96  14.76    15  1128.44  16.26
M     13.00    11   727.24  13.43    14   853.98  24.31
M     15.00    16   593.21  15.02    15   653.89  17.23
M     17.00    15   492.21   9.98    16   540.23  11.43
M     19.00    20   420.54   6.49    18   456.34   6.36
M     21.00    21   366.44   4.47    20   396.87   5.40
M     23.00    22   326.24   3.75    24   346.22   3.33
M     25.00    23   292.25   2.34    25   306.64   3.34
M     27.00    26   267.51   2.75    26   280.19   2.78
M     29.00    28   245.88   2.03    30   259.46   1.96
M     31.00    29   233.75   1.79    28   241.86   2.34
M     33.00    32   222.85   1.08    32   229.14   1.73
M     35.00    35   211.02   1.73    35   214.08   1.42
M     37.00    30   204.57   1.38    36   208.16   1.50
M     39.00    40   197.57   1.51    39   198.49   1.78
M     41.00    40   190.94   1.43    40   194.05   1.45
M     43.05    43   181.96   1.12    43   186.12   1.11
M     45.20    50   175.11   0.99    48   180.01   1.23
M     47.46    54   171.02   1.23    54   173.86   1.07
M     49.84    59   162.92   0.74    58   168.69   1.00
M     52.33    65   157.80   1.12    65   159.72   0.87
M     54.94    68   150.31   0.63    74   154.45   0.96
M     57.69    78   144.44   0.95    78   147.47   0.75
M     60.58    90   138.81   0.83    85   139.99   0.80
M     63.60    95   132.96   0.75    99   135.77   0.81
M     66.78   107   127.55   0.73   110   129.49   0.65
M     70.12   114   123.07   0.71   114   126.28   0.80
M     73.63   124   120.65   0.63   129   122.98   0.67
M     77.31   136   118.28   0.55   141   118.89   0.72
M     81.18   147   114.26   0.54   156   115.59   0.60
M     85.24   155   111.75   0.58   166   112.69   0.58
M     89.50   162   110.18   0.59   165   111.41   0.54
M     93.97   186   107.44   0.59   171   108.70   0.54
M     98.67   201   104.82   0.53   146   108.88   0.50
M    103.60   244   104.87   0.51   160   106.05   0.53
M    108.79   283   103.76   0.49   266   103.92   0.42
M    114.22   307   102.17   0.41   307   102.63   0.40
M    119.94   346   102.10   0.41   348   102.18   0.36
M    125.93   377   101.50   0.38   371   102.04   0.34
M    132.23   420   101.29   0.37   422   100.77   0.33
M    138.84   460    99.84   0.32   459   101.42   0.32
M    145.78   505   100.71   0.33   502   101.25   0.30
M    153.07   555    99.82   0.30   555   100.20   0.29
M    160.73   619    99.85   0.29   618   100.27   0.27
M    168.76   661    99.74   0.28   683   100.36   0.24
M    177.20   733    99.89   0.27   747    99.78   0.25
M    186.06   768   100.19   0.27   629    99.88   0.27
M    195.36   813    99.56   0.26   761    99.92   0.24
M    205.13   967    99.73   0.23   837    99.82   0.23
M    215.39  1102    99.46   0.22   900    99.53   0.22
M    226.16  1007    99.42   0.23  1057    99.58   0.21
M    237.46  1077    99.78   0.22   982    99.44   0.21
M    249.34  1220    99.52   0.20  1029   100.09   0.20
M    261.80  1495    99.53   0.18  1087    99.76   0.20
