###  1237667323797831683 0.186 30.0 99.6950081756
# method  r_pixel  n1 i1_cts i1_cts_err n2 i2_cts i2_cts_err
I      3.00    14   747.97  21.63    13   900.69   3.57
I      5.00    14   632.34  22.37    13   883.29  13.72
I      7.00    14   554.27  21.80    13   773.35  23.88
I      9.00    14   450.76  11.62    13   654.19  18.23
M     11.00    12   388.77  11.70    11   509.43  17.02
M     13.00    13   342.00  12.26    12   405.93   8.08
M     15.00    13   315.22   9.88    17   344.93   4.45
M     17.00    16   312.03  13.04    17   311.56   4.16
M     19.00    19   289.79   9.43    20   288.37   3.51
M     21.00    23   264.66   7.42    21   275.46   4.82
M     23.00    24   255.78   6.33    25   253.95   3.65
M     25.00    27   245.00   5.30    25   233.34   3.59
M     27.00    25   229.56   3.71    24   205.40   2.27
M     29.00    31   228.03   2.48    28   188.08   2.20
M     31.00    31   217.15   4.29    31   180.64   2.39
M     33.00    35   207.81   6.27    32   176.26   2.25
M     35.00    35   197.47   4.92    35   173.52   2.81
M     37.00    37   186.23   2.91    36   173.21   2.12
M     39.00    40   179.98   2.79    39   171.09   1.79
M     41.00    38   175.46   2.62    40   165.75   1.56
M     43.05    40   163.34   2.27    43   163.88   1.68
M     45.20    45   160.94   1.72    49   161.97   2.24
M     47.46    51   150.53   1.23    56   157.30   2.74
M     49.84    59   141.44   1.22    62   156.17   2.78
M     52.33    68   140.34   1.25    69   147.03   2.06
M     54.94    78   133.96   1.14    74   138.08   1.31
M     57.69    82   128.17   1.13    79   131.03   0.99
M     60.58    90   125.88   0.97    91   129.55   1.03
M     63.60   100   122.16   0.81    94   124.69   0.61
M     66.78   109   118.74   0.76   110   121.56   0.80
M     70.12   118   116.47   0.58   112   118.36   0.76
M     73.63   132   115.42   0.70   136   116.27   0.72
M     77.31   152   113.74   0.65   131   114.07   0.74
M     81.18   158   110.21   0.73   125   112.76   0.77
M     85.24   180   108.38   0.50   136   110.56   0.60
M     89.50   191   106.46   0.47   151   111.06   0.65
M     93.97   217   105.55   0.53   191   110.12   0.52
M     98.67   243   103.64   0.49   228   106.98   0.56
M    103.60   258   102.36   0.44   201   106.53   0.56
M    108.79   287   102.47   0.45   227   105.50   0.58
M    114.22   310   102.09   0.46   296   103.54   0.49
M    119.94   356   102.46   0.45   345   103.33   0.38
M    125.93   387   102.17   0.41   385   102.61   0.45
M    132.23   419   101.69   0.38   310   102.14   0.42
M    138.84   472   101.98   0.39   271   101.09   0.48
M    145.78   514   101.35   0.33   295   100.88   0.48
M    153.07   529   101.29   0.35   377   100.61   0.42
M    160.73   440   100.96   0.35   559   100.17   0.36
M    168.76   441   100.46   0.32   697    99.82   0.32
M    177.20   493   100.95   0.35   745    99.61   0.30
M    186.06   625    99.93   0.31   616    99.74   0.35
M    195.36   923   100.37   0.28   607    99.43   0.32
M    205.13  1025    99.98   0.26   606    99.00   0.33
M    215.39  1136    99.49   0.24   610    98.53   0.32
M    226.16  1249    99.49   0.22  1200    99.35   0.25
M    237.46  1378    99.50   0.22  1386    99.31   0.23
M    249.34  1528    99.77   0.20  1514    99.11   0.21
M    261.80  1681    99.27   0.20  1676    99.32   0.21
