###  1237667322723696663 0.1861 30.0 99.882217
# method  r_pixel  n1 i1_cts i1_cts_err n2 i2_cts i2_cts_err
I      3.00    14  5421.47  69.00    13  6147.28 130.13
I      5.00    14  3698.14  41.97    13  3922.38  70.86
I      7.00    14  2747.63  16.50    13  2886.55  44.74
I      9.00    14  2193.99  13.79    13  2268.60  27.96
M     11.00    12  1757.13  32.81    12  1842.35  40.64
M     13.00    13  1470.09  27.66    13  1516.97  24.10
M     15.00    15  1233.27  19.20    14  1292.21  21.51
M     17.00    15  1051.59  14.79    16  1077.38  16.55
M     19.00    21   910.47  14.47    18   936.92  11.31
M     21.00    22   792.50  13.23    23   811.30   8.77
M     23.00    22   698.63   9.59    22   702.81   9.60
M     25.00    25   615.22   4.77    24   623.76   5.56
M     27.00    28   556.45   4.98    27   559.28   4.24
M     29.00    30   508.03   3.24    31   507.43   3.78
M     31.00    32   467.98   3.18    32   470.22   3.13
M     33.00    33   434.80   2.90    35   436.04   2.44
M     35.00    34   408.03   1.84    35   406.62   1.79
M     37.00    37   387.20   1.33    36   385.14   2.04
M     39.00    38   372.91   1.66    40   368.57   1.80
M     41.00    40   357.57   1.04    40   353.92   2.18
M     43.05    43   343.38   1.15    47   335.69   2.50
M     45.20    50   323.48   1.32    49   318.10   2.27
M     47.46    56   300.18   1.56    55   299.98   1.99
M     49.84    58   280.92   1.24    65   285.59   1.20
M     52.33    62   268.09   0.98    65   267.27   1.45
M     54.94    77   248.75   1.58    75   250.24   1.38
M     57.69    82   229.66   1.28    85   227.96   1.63
M     60.58    90   208.06   1.41    91   206.96   1.45
M     63.60   102   190.42   1.19   100   188.38   1.08
M     66.78   109   173.74   1.00   103   173.54   0.61
M     70.12   118   158.54   0.71   116   161.68   0.70
M     73.63   134   146.60   0.62   136   150.68   0.68
M     77.31   149   136.88   0.68   148   139.61   0.61
M     81.18   159   129.73   0.54   161   129.98   0.54
M     85.24   182   124.75   0.48   181   122.43   0.42
M     89.50   193   119.26   0.38   194   118.68   0.43
M     93.97   201   114.39   0.40   218   114.42   0.38
M     98.67   195   111.82   0.40   236   111.93   0.30
M    103.60   213   110.17   0.41   267   109.64   0.34
M    108.79   232   108.19   0.35   293   106.64   0.31
M    114.22   293   107.44   0.33   319   106.32   0.32
M    119.94   352   105.51   0.29   356   105.06   0.28
M    125.93   389   104.30   0.30   378   104.18   0.25
M    132.23   430   103.82   0.29   432   103.63   0.26
M    138.84   449   102.23   0.24   465   102.94   0.28
M    145.78   493   101.73   0.26   511   101.84   0.26
M    153.07   554   101.47   0.25   575   101.42   0.23
M    160.73   604   100.91   0.23   517   101.47   0.25
M    168.76   674   101.16   0.21   524   100.83   0.23
M    177.20   766   100.59   0.21   608   100.98   0.24
M    186.06   847   100.11   0.19   762   100.15   0.21
M    195.36   840   100.40   0.20   929   100.01   0.19
M    205.13   989   100.18   0.18   989   100.25   0.19
M    215.39  1124   100.13   0.18   844    99.94   0.20
M    226.16  1076   100.26   0.18   868    99.95   0.20
M    237.46  1022   100.20   0.18  1051   100.05   0.18
M    249.34  1086   100.30   0.17  1466   100.08   0.15
M    261.80  1202   100.36   0.16  1500    99.63   0.15
