###  1237665440979157097 0.396 27.973 176.62627
# method  r_pixel  n1 i1_cts i1_cts_err n2 i2_cts i2_cts_err
I      3.00    12   854.47   3.28    11  1834.66  54.91
I      5.00    12   543.03   2.31    11   860.61  13.45
I      7.00    12   422.21   1.76    11   552.04   6.95
I      9.00    12   342.43   2.93    11   440.54   3.38
M     11.00    10   309.69   2.31    10   360.42   8.99
M     13.00    11   279.60   1.31    14   315.61   4.26
M     15.00    17   254.22   3.00    14   285.66   2.53
M     17.00    18   234.40   1.54    17   262.78   3.18
M     19.00    20   219.62   2.61    21   244.63   2.21
M     21.00    23   210.35   1.68    20   226.23   1.63
M     23.00    22   199.93   1.71    24   213.27   2.83
M     25.00    25   194.78   1.60    22   203.30   1.55
M     27.00    29   189.55   1.89    29   194.87   2.71
M     29.00    29   188.11   0.95    28   188.78   1.24
M     31.00    29   186.91   1.22    32   188.96   1.55
M     33.00    35   183.65   1.85    33   186.60   1.65
M     35.00    32   182.80   1.42    30   183.82   0.93
M     37.00    40   182.49   1.15    38   182.57   1.18
M     39.00    36   182.40   0.97    39   180.14   1.17
M     41.00    40   181.48   1.04    40   181.29   1.27
M     43.05    47   181.08   1.38    43   179.81   1.00
M     45.20    49   180.59   1.15    47   182.50   0.96
M     47.46    52   180.82   1.11    60   178.05   1.13
M     49.84    67   178.08   0.98    63   178.82   1.10
M     52.33    61   178.78   0.75    71   178.83   1.21
M     54.94    78   178.65   1.07    71   177.85   0.95
M     57.69    85   177.58   1.19    87   177.96   1.02
M     60.58    87   179.65   0.78    96   176.99   1.04
M     63.60   101   177.87   0.94    98   178.32   0.81
M     66.78   108   177.91   0.91   107   177.32   0.70
M     70.12   117   177.53   0.61   128   176.42   0.77
M     73.63   141   177.50   0.68   135   176.57   0.82
M     77.31   151   175.63   0.71   151   176.81   0.71
M     81.18   166   176.41   0.57   166   176.46   0.68
M     85.24   184   176.45   0.70   180   177.32   0.65
M     89.50   198   177.38   0.52   194   176.59   0.58
M     93.97   222   177.19   0.59   227   175.78   0.63
M     98.67   128   177.72   0.64   208   176.67   0.61
