###  1237667322723827770 0.396 27.952 167.12378
# method  r_pixel  n1 i1_cts i1_cts_err n2 i2_cts i2_cts_err
I      3.00    16  1269.95   9.95    15  3261.97  22.65
I      5.00    16   798.17   9.90    15  1539.64  23.44
I      7.00    16   600.90   3.87    15   885.90  13.77
I      9.00    16   502.24   3.84    15   608.16   6.39
M     11.00    10   406.23  10.18    11   458.92  14.47
M     13.00    13   338.72   5.26    12   370.26   7.25
M     15.00    15   287.61   3.92    16   316.22   4.84
M     17.00    17   265.75   4.13    16   286.62   2.28
M     19.00    17   244.95   1.48    15   260.13   2.19
M     21.00    21   236.12   2.12    21   249.27   1.87
M     23.00    17   223.97   2.36    22   232.18   1.16
M     25.00    23   215.78   1.52    23   221.00   2.04
M     27.00    28   211.19   1.61    28   214.63   2.07
M     29.00    25   205.44   1.34    27   210.57   1.99
M     31.00    32   204.10   1.72    28   206.94   1.96
M     33.00    34   202.45   1.46    33   201.10   1.59
M     35.00    27   202.30   0.82    35   198.02   1.86
M     37.00    39   201.21   1.36    36   200.20   1.42
M     39.00    39   201.58   1.36    40   201.76   1.35
M     41.00    36   200.74   1.42    38   202.34   1.18
M     43.05    46   199.50   0.90    41   203.63   1.14
M     45.20    50   198.95   1.37    52   205.93   1.18
M     47.46    53   200.23   1.00    52   204.89   1.10
M     49.84    59   197.41   1.03    56   205.30   0.90
M     52.33    61   196.92   0.62    66   203.37   1.13
M     54.94    72   197.53   0.93    75   201.66   1.13
M     57.69    77   193.51   0.76    77   199.31   0.97
M     60.58    84   192.54   0.79    82   199.23   0.94
M     63.60    92   190.78   0.64    98   196.31   0.86
M     66.78   106   188.37   0.71   109   190.47   0.87
M     70.12   115   187.17   0.57   116   187.94   0.96
M     73.63   128   183.52   0.70   129   183.76   0.86
M     77.31   141   179.59   0.72   145   180.58   0.71
M     81.18   158   177.89   0.53   148   176.81   0.60
M     85.24   173   174.78   0.51   167   174.01   0.61
M     89.50   189   173.01   0.53   191   172.03   0.57
M     93.97   206   171.68   0.47   211   170.18   0.55
M     98.67   230   171.09   0.44   230   169.73   0.52
M    103.60   260   169.42   0.49   252   168.22   0.58
M    108.79   277   168.41   0.44   281   168.70   0.47
M    114.22   305   167.27   0.38   308   167.69   0.42
M    119.94   278   168.04   0.40   340   167.60   0.46
