###  1237667443511591123 0.396 27.973 216.0331
# method  r_pixel  n1 i1_cts i1_cts_err n2 i2_cts i2_cts_err
I      3.00    12   780.87  20.53    11   664.36  12.56
I      5.00    12   532.85   8.15    11   473.62   9.72
I      7.00    12   425.82   4.28    11   408.19   2.23
I      9.00    12   374.98   6.75    11   364.71   5.48
M     11.00    10   343.62   2.37    11   332.51   5.43
M     13.00    13   322.18   4.99    13   312.16   3.78
M     15.00    15   308.67   3.35    13   302.15   2.39
M     17.00    19   295.41   2.84    17   293.68   2.71
M     19.00    16   280.15   2.63    21   280.30   2.57
M     21.00    22   271.00   2.11    22   267.21   1.98
M     23.00    23   257.77   1.81    23   252.57   1.42
M     25.00    25   246.05   2.23    24   240.94   1.65
M     27.00    28   239.99   1.87    27   238.62   2.27
M     29.00    27   233.84   1.55    31   232.01   2.01
M     31.00    31   231.72   1.67    31   229.43   1.89
M     33.00    35   230.63   1.89    34   230.03   1.17
M     35.00    36   227.35   1.45    35   227.33   1.47
M     37.00    38   227.66   1.71    34   227.89   1.59
M     39.00    41   222.65   1.55    43   227.96   2.08
M     41.00    39   222.97   1.09    42   226.38   1.34
M     43.05    44   225.21   1.59    47   224.55   1.36
M     45.20    53   223.95   1.11    47   226.30   1.27
M     47.46    55   220.73   1.09    55   220.81   1.00
M     49.84    62   220.71   1.34    63   218.65   1.09
M     52.33    68   219.22   1.05    67   217.38   1.14
M     54.94    76   218.11   0.92    76   216.00   1.07
M     57.69    76   219.57   0.78    83   218.43   1.29
M     60.58    91   217.58   0.85    90   217.44   1.11
M     63.60    97   217.57   0.94   103   217.68   0.92
M     66.78   111   216.89   0.88   105   217.27   0.73
M     70.12   125   217.41   0.94   126   216.74   0.83
M     73.63   133   216.47   0.75   132   215.28   0.76
M     77.31   148   216.06   0.66   152   216.25   0.80
M     81.18   160   216.28   0.64   160   215.74   0.74
M     85.24   179   217.51   0.70   179   217.05   0.70
M     89.50   196   215.46   0.62   188   216.25   0.59
M     93.97   219   217.45   0.67   191   216.05   0.63
M     98.67   243   216.13   0.64   223   215.98   0.71
M    103.60   265   216.49   0.53   256   216.15   0.58
