###  1237667324334506284 0.396 27.978 160.17844
# method  r_pixel  n1 i1_cts i1_cts_err n2 i2_cts i2_cts_err
I      3.00    12   835.03   5.82    11  1490.88  11.04
I      5.00    12   511.11   4.91    11   784.42   6.54
I      7.00    12   347.12   0.40    11   466.86  10.74
I      9.00    12   286.58   1.97    11   331.52   6.95
M     11.00    11   243.41   4.15    11   272.62   5.31
I     13.00    12   226.66   2.74    11   237.12   2.54
M     15.00    16   209.50   2.77    12   219.36   3.96
M     17.00    18   201.49   1.86    16   211.10   3.27
M     19.00    13   191.87   1.08    16   201.21   1.48
M     21.00    19   188.97   0.75    22   191.33   1.67
M     23.00    23   183.72   1.64    21   188.59   1.28
M     25.00    25   179.43   1.31    26   181.63   1.66
M     27.00    27   177.33   1.51    29   174.83   1.46
M     29.00    28   171.66   1.36    28   174.45   1.48
M     31.00    30   170.31   1.43    33   169.78   1.48
M     33.00    34   169.66   1.57    33   170.00   1.93
M     35.00    35   167.88   1.00    36   165.75   0.98
M     37.00    38   165.58   1.17    38   166.75   1.80
M     39.00    39   164.33   1.15    41   165.44   1.22
M     41.00    44   164.91   1.18    42   163.98   1.11
M     43.05    46   162.52   1.54    45   161.30   1.17
M     45.20    51   162.94   0.92    49   162.55   0.84
M     47.46    53   162.73   0.90    55   160.60   0.97
M     49.84    64   159.82   0.82    61   161.27   0.92
M     52.33    63   162.12   1.07    68   160.11   0.87
M     54.94    80   161.07   0.95    77   161.24   0.74
M     57.69    81   160.89   0.66    76   160.21   0.83
M     60.58    89   161.01   0.90    91   160.42   0.96
M     63.60   100   160.76   0.72   102   160.07   0.90
M     66.78   108   160.33   0.82   114   160.15   0.67
M     70.12   123   160.75   0.77   121   161.16   0.65
M     73.63   124   160.75   0.70   128   160.52   0.63
