###  1237665440979484734 0.396 27.973 172.80128
# method  r_pixel  n1 i1_cts i1_cts_err n2 i2_cts i2_cts_err
I      3.00    16   656.62  19.69    15  1233.36  47.71
I      5.00    16   431.54   5.92    15   691.90  20.47
I      7.00    16   347.62   3.24    15   454.48   3.98
I      9.00    16   304.41   4.22    15   373.66   3.63
I     11.00    16   275.93   4.79    15   324.70   1.94
M     13.00    12   252.55   5.21    13   288.41   2.60
M     15.00    15   241.06   5.79    14   263.44   3.67
M     17.00    17   227.65   1.76    16   245.92   2.35
M     19.00    19   219.31   2.33    18   230.54   2.89
M     21.00    21   214.02   2.68    20   222.38   2.75
M     23.00    21   207.45   2.21    22   215.13   2.62
M     25.00    23   199.46   2.11    23   210.48   1.06
M     27.00    27   195.09   2.09    28   197.74   1.78
M     29.00    29   188.86   1.74    27   193.77   1.39
M     31.00    31   183.20   1.04    31   192.10   1.95
M     33.00    31   182.76   1.56    31   188.28   1.82
M     35.00    34   183.21   1.61    36   184.68   1.57
M     37.00    38   182.14   1.41    35   184.63   1.83
M     39.00    36   178.75   1.32    39   183.95   1.97
M     41.00    43   179.80   1.87    38   180.70   1.64
M     43.05    43   178.27   1.32    44   179.67   1.53
M     45.20    47   173.53   1.27    49   179.17   1.24
M     47.46    54   176.34   1.28    53   176.78   0.99
M     49.84    58   174.35   1.14    58   175.36   1.33
M     52.33    66   173.79   1.25    64   175.74   1.54
M     54.94    68   174.34   0.88    74   176.69   1.09
M     57.69    80   174.90   0.97    78   175.54   0.99
M     60.58    88   175.39   0.93    88   174.18   0.93
M     63.60    93   174.52   0.97    95   174.68   0.89
M     66.78   106   173.98   0.84   102   173.89   0.79
M     70.12   122   173.59   0.98   118   173.75   0.87
M     73.63   122   173.39   0.72   128   173.79   0.77
M     77.31   143   174.29   0.79   144   173.17   0.67
M     81.18   157   173.49   0.69   154   173.55   0.64
M     85.24   171   172.46   0.77   172   172.66   0.66
M     89.50   102   174.92   1.01   153   173.71   0.70
