###  1237667324334637091 0.396 27.978 162.88506
# method  r_pixel  n1 i1_cts i1_cts_err n2 i2_cts i2_cts_err
I      3.00    16   502.30   8.98    15   532.86   9.18
I      5.00    16   377.88   3.42    15   414.42   5.13
I      7.00    16   325.13   6.90    15   333.10   2.88
I      9.00    16   283.29   3.72    15   293.11   4.08
M     11.00    10   259.33   4.12    10   264.45   4.55
M     13.00    12   242.26   2.82    13   244.99   3.08
M     15.00    13   223.61   1.62    14   231.54   3.65
M     17.00    18   214.83   2.77    16   216.31   1.48
M     19.00    16   203.70   2.28    19   206.98   2.70
M     21.00    22   198.48   2.50    21   198.34   1.42
M     23.00    23   192.84   1.09    21   194.52   1.99
M     25.00    22   189.56   2.36    25   189.04   1.70
M     27.00    23   185.06   1.63    22   183.41   1.39
M     29.00    27   183.28   1.01    29   179.44   1.58
M     31.00    31   175.91   1.05    28   175.53   1.60
M     33.00    32   175.93   1.50    29   174.42   1.09
M     35.00    35   175.04   1.55    37   174.42   1.40
M     37.00    35   170.20   1.21    35   170.84   1.99
M     39.00    37   170.71   1.07    37   170.56   1.39
M     41.00    37   169.42   1.50    40   171.28   1.34
M     43.05    47   167.37   1.33    43   171.72   1.19
M     45.20    45   167.07   0.97    47   166.63   1.24
M     47.46    55   166.95   1.06    53   167.37   1.26
M     49.84    59   166.16   1.02    63   166.41   0.99
M     52.33    65   164.36   1.05    65   165.68   1.05
M     54.94    74   164.87   0.99    70   165.50   1.01
M     57.69    73   164.29   0.92    80   165.10   0.88
M     60.58    92   163.54   0.88    90   163.74   0.90
M     63.60    99   163.46   0.92    94   163.84   0.74
M     66.78   101   162.00   0.58   103   165.14   0.64
M     70.12   119   161.83   0.72   117   162.87   0.78
M     73.63   123   162.90   0.65   126   163.20   0.70
M     77.31   142   162.63   0.66   148   163.64   0.70
M     81.18   157   163.11   0.73   155   162.57   0.58
M     85.24   168   162.55   0.60   165   162.99   0.56
M     89.50   189   162.93   0.52   188   163.97   0.67
M     93.97   214   162.45   0.54   217   164.74   0.53
M     98.67   234   162.99   0.55   233   162.74   0.51
M    103.60   259   161.97   0.53   255   163.06   0.45
M    108.79   283   162.23   0.47   285   163.16   0.50
M    114.22   310   162.50   0.56   310   164.55   0.45
