###  1237667323260567605 0.396 27.989 172.08398
# method  r_pixel  n1 i1_cts i1_cts_err n2 i2_cts i2_cts_err
I      3.00    12   261.85   3.91    11   284.46   3.80
I      5.00    12   239.66   2.16    11   265.21   1.87
I      7.00    12   227.79   1.85    11   232.33   1.54
I      9.00    12   201.47   2.87    11   217.09   0.86
M     11.00    11   201.08   2.06    11   209.55   2.43
M     13.00    13   198.05   2.58    15   198.81   1.60
M     15.00    15   194.90   2.72    16   196.86   2.17
M     17.00    16   193.13   2.33    15   197.76   1.44
M     19.00    17   186.97   1.35    21   190.91   1.35
M     21.00    21   185.90   1.76    20   192.03   1.11
M     23.00    24   186.56   1.77    24   188.32   1.90
M     25.00    21   180.11   1.35    27   184.59   1.67
M     27.00    26   181.14   1.09    28   184.37   1.64
M     29.00    28   178.75   1.64    30   182.82   1.47
M     31.00    31   177.98   1.56    31   180.64   1.56
M     33.00    33   176.86   1.30    36   178.28   1.55
M     35.00    34   176.82   1.59    36   176.68   1.24
M     37.00    38   178.15   1.01    40   179.80   1.57
M     39.00    36   178.55   1.04    39   177.02   1.09
M     41.00    39   177.64   1.19    42   179.12   1.15
M     43.05    45   176.57   1.20    45   179.08   1.48
M     45.20    49   175.08   1.06    52   175.19   1.20
M     47.46    53   176.00   1.53    58   176.96   0.98
M     49.84    68   176.47   1.21    62   176.29   1.02
M     52.33    62   175.59   1.03    65   174.26   1.00
M     54.94    76   173.93   1.07    76   174.87   0.93
M     57.69    84   174.74   0.81    87   175.97   1.13
M     60.58    90   174.28   0.85    92   174.50   0.71
M     63.60    99   175.22   0.75   100   175.02   0.87
M     66.78   110   172.59   0.83   110   173.60   0.83
M     70.12   119   173.73   0.74   124   173.93   0.61
M     73.63   141   173.21   0.73   136   173.51   0.80
M     77.31   142   173.18   0.52   151   173.31   0.61
M     81.18   163   171.58   0.73   165   173.94   0.62
M     85.24   178   173.05   0.56   179   172.01   0.56
M     89.50   181   172.66   0.55   199   173.09   0.57
M     93.97   141   171.97   0.58   219   172.59   0.55
M     98.67   134   172.04   0.59   238   172.06   0.52
M    103.60   151   171.87   0.61   264   171.73   0.46
M    108.79   202   172.25   0.57   301   172.60   0.50
M    114.22   307   172.25   0.43   323   172.42   0.45
M    119.94   355   172.64   0.40   362   172.66   0.42
M    125.93   380   172.77   0.35   400   172.28   0.40
M    132.23   427   172.08   0.36   424   172.02   0.39
M    138.84   481   171.35   0.34   488   172.42   0.36
M    145.78   530   172.39   0.32   522   172.47   0.35
M    153.07   575   172.31   0.31   484   171.69   0.42
M    160.73   647   171.82   0.31   492   171.83   0.36
M    168.76   699   172.45   0.28   639   172.00   0.32
M    177.20   657   172.31   0.29   769   172.04   0.31
