###  1237667323797307493 0.396 27.932 167.9778
# method  r_pixel  n1 i1_cts i1_cts_err n2 i2_cts i2_cts_err
I      3.00    10  1186.02  30.43     9  1528.07  56.00
I      5.00    10   749.59  14.11     9   874.40  30.61
I      7.00    10   547.68   8.41     9   632.84  15.44
I      9.00    10   430.99   6.90     9   476.96   8.33
I     11.00    10   366.15   3.86     9   390.51   5.84
M     13.00    13   322.33   5.04    12   334.46   4.69
M     15.00    15   293.17   2.43    14   306.96   2.51
M     17.00    17   278.95   2.90    16   281.96   2.67
M     19.00    17   263.94   1.37    17   267.65   1.53
M     21.00    22   246.93   2.01    21   253.48   1.77
M     23.00    24   240.68   1.29    21   242.70   1.37
M     25.00    27   235.90   2.29    27   234.60   1.58
M     27.00    29   229.08   2.34    24   224.28   1.29
M     29.00    26   225.79   2.09    28   222.32   1.66
M     31.00    32   219.28   1.89    32   217.93   2.11
M     33.00    35   215.05   2.44    35   212.41   1.59
M     35.00    37   208.46   1.65    37   207.79   1.24
M     37.00    38   204.20   1.22    39   202.87   1.21
M     39.00    37   203.21   1.23    34   202.19   1.08
M     41.00    38   199.70   1.52    44   202.38   1.23
M     43.05    36   199.16   1.47    47   201.08   1.28
M     45.20    29   195.88   1.40    51   198.06   1.32
M     47.46    35   195.40   1.38    55   199.31   1.01
M     49.84    42   193.88   1.45    63   197.69   0.87
M     52.33    41   194.79   1.28    65   194.81   0.78
M     54.94    54   190.48   1.03    76   189.36   1.15
M     57.69    64   188.52   1.10    80   185.18   0.77
M     60.58    79   185.63   1.13    91   183.23   1.05
M     63.60   101   183.67   0.75   103   180.41   0.74
M     66.78   101   183.13   0.87   109   177.84   0.78
M     70.12   115   179.34   0.82   123   177.41   0.68
M     73.63   121   174.85   0.86   139   176.01   0.69
M     77.31   137   174.78   0.70   147   176.36   0.72
M     81.18   164   173.72   0.64   168   174.48   0.63
M     85.24   146   172.04   0.68   175   174.03   0.52
M     89.50   162   172.77   0.64   205   171.98   0.57
M     93.97   181   172.40   0.61   221   171.43   0.59
M     98.67   225   171.64   0.50   246   171.06   0.48
M    103.60   265   170.76   0.50   266   172.27   0.50
M    108.79   288   170.36   0.44   290   171.06   0.48
M    114.22   328   171.03   0.42   324   169.64   0.42
M    119.94   361   170.30   0.43   357   169.30   0.43
M    125.93   384   170.32   0.39   399   168.96   0.44
M    132.23   334   168.96   0.45   440   168.56   0.39
M    138.84   318   168.45   0.39   481   168.36   0.34
M    145.78   388   168.41   0.41   535   168.44   0.35
M    153.07   567   169.05   0.34   593   167.90   0.31
M    160.73   639   167.83   0.30   645   167.19   0.32
M    168.76   707   168.10   0.31   697   167.34   0.26
M    177.20   779   167.73   0.27   791   167.45   0.29
M    186.06   866   167.59   0.28   872   167.74   0.28
M    195.36   944   167.78   0.27   955   168.05   0.26
M    205.13   999   168.48   0.28  1056   167.60   0.25
M    215.39   938   167.84   0.29  1085   167.93   0.23
M    226.16  1068   167.63   0.25  1058   168.44   0.27
M    237.46  1305   167.78   0.23  1174   167.55   0.24
M    249.34  1559   167.32   0.21  1219   167.94   0.22
M    261.80  1661   167.26   0.20  1623   167.96   0.20
M    274.89  1634   167.56   0.20  1888   167.84   0.17
