###  1237667444585595001 0.396 27.956 207.04422
# method  r_pixel  n1 i1_cts i1_cts_err n2 i2_cts i2_cts_err
I      3.00    14  1897.84  40.87    13  1823.35  42.26
I      5.00    14  1179.73  23.16    13  1154.23  22.71
I      7.00    14   856.79  12.14    13   847.24  10.05
I      9.00    14   703.74   8.58    13   699.81   3.52
I     11.00    14   598.26   7.04    13   604.48   3.35
M     13.00    12   535.54   7.23    13   541.50   5.04
M     15.00    15   478.82   8.94    15   491.61   6.28
M     17.00    18   438.04   5.65    19   442.60   4.41
M     19.00    19   396.63   4.27    17   400.18   3.05
M     21.00    19   373.32   3.15    19   376.32   2.59
M     23.00    21   349.94   2.69    21   353.70   2.30
M     25.00    28   335.92   2.06    23   334.98   2.20
M     27.00    25   321.63   1.44    28   323.45   1.79
M     29.00    29   307.54   2.41    28   310.10   1.40
M     31.00    31   294.80   1.62    33   296.45   1.33
M     33.00    34   285.79   1.43    30   285.19   0.88
M     35.00    34   276.97   1.08    36   282.69   1.10
M     37.00    37   267.39   0.92    35   274.14   0.87
M     39.00    38   260.74   0.92    40   266.35   1.01
M     41.00    41   254.92   1.11    41   260.45   0.99
M     43.05    47   248.23   0.86    44   252.18   0.61
M     45.20    47   244.02   0.85    47   248.53   0.83
M     47.46    56   239.90   0.76    54   239.89   0.97
M     49.84    59   234.68   0.75    61   237.06   0.67
M     52.33    66   230.82   0.78    65   231.45   0.73
M     54.94    74   229.49   0.62    74   227.50   0.76
M     57.69    82   227.08   0.86    80   225.18   0.68
M     60.58    81   225.01   0.75    87   223.07   0.59
M     63.60    98   221.85   0.53   101   220.90   0.62
M     66.78   106   219.83   0.64   101   219.85   0.44
M     70.12   120   218.64   0.71   111   218.10   0.40
M     73.63   128   216.60   0.76   135   216.06   0.43
M     77.31   129   213.91   0.75   143   215.75   0.45
M     81.18   151   212.98   0.59   159   213.97   0.42
M     85.24   164   212.58   0.57   179   213.25   0.43
M     89.50   148   211.24   0.58   191   212.54   0.37
M     93.97    69   210.45   0.69   208   212.09   0.33
M     98.67    26   210.97   1.32   229   211.32   0.37
M    103.60    23   209.54   1.41   260   210.67   0.34
M    108.79    59   209.52   1.08   284   209.60   0.29
M    114.22   104   208.87   0.79   196   209.95   0.36
M    119.94   143   209.00   0.62   168   209.34   0.35
M    125.93   280   207.39   0.46   124   209.20   0.56
M    132.23   419   206.86   0.38    48   209.30   0.91
M    138.84   465   207.73   0.34   231   209.16   0.40
M    145.78   436   207.42   0.35   453   207.59   0.24
M    153.07   441   207.51   0.36   572   207.88   0.22
M    160.73   543   207.36   0.32   609   207.86   0.21
M    168.76   684   207.20   0.28   588   207.43   0.22
M    177.20   759   206.72   0.27   647   207.42   0.21
