###  1237665428090257496 0.396 27.971 156.79549
# method  r_pixel  n1 i1_cts i1_cts_err n2 i2_cts i2_cts_err
I      3.00    16  1128.82  37.74    15   766.26  10.54
I      5.00    16   649.20  17.13    15   515.88   6.04
I      7.00    16   491.79   2.93    15   418.69   3.40
I      9.00    16   397.15   2.61    15   370.50   4.17
I     11.00    16   352.76   3.88    15   323.82   2.95
M     13.00    12   321.16   4.62    11   296.64   3.08
M     15.00    15   290.60   2.83    16   284.04   3.83
M     17.00    15   268.45   2.44    16   264.45   3.29
M     19.00    18   262.41   2.43    19   258.96   2.02
M     21.00    21   253.58   2.23    18   253.66   1.03
M     23.00    21   252.09   2.70    21   248.68   1.75
M     25.00    25   247.82   2.61    24   248.73   2.38
M     27.00    27   240.75   3.36    26   246.58   2.15
M     29.00    29   237.60   3.25    29   241.15   2.84
M     31.00    31   232.11   3.41    28   230.82   2.35
M     33.00    27   224.30   1.82    30   218.04   1.74
M     35.00    38   212.61   2.13    36   203.70   1.82
M     37.00    35   200.87   2.10    35   194.31   1.85
M     39.00    33   192.12   1.40    38   189.09   1.18
M     41.00    40   185.22   1.27    39   179.39   1.52
M     43.05    42   177.34   1.24    44   176.41   1.54
M     45.20    51   175.11   1.23    50   173.04   1.24
M     47.46    52   170.84   1.21    52   171.24   1.11
M     49.84    60   167.92   1.04    56   167.99   1.07
M     52.33    65   167.85   1.09    66   167.41   0.99
M     54.94    69   167.14   0.97    68   164.72   1.15
M     57.69    78   165.85   0.74    77   163.98   0.83
M     60.58    89   163.19   1.01    88   163.28   0.86
M     63.60    95   162.97   0.90    97   162.44   0.81
M     66.78   103   162.62   0.86   100   162.27   0.73
M     70.12   122   161.78   0.59   120   161.15   0.67
M     73.63   125   161.38   0.85   123   161.97   0.79
M     77.31   143   160.24   0.67   143   159.57   0.67
M     81.18   157   159.22   0.58   159   158.88   0.64
M     85.24   172   158.52   0.61   172   159.08   0.61
M     89.50   188   158.93   0.59   193   158.96   0.53
M     93.97   212   158.24   0.55   204   157.25   0.56
M     98.67   230   157.29   0.58   229   157.93   0.53
M    103.60   256   157.90   0.50   258   157.10   0.50
M    108.79   276   157.64   0.48   278   157.76   0.52
M    114.22   317   157.08   0.45   310   156.76   0.46
M    119.94   337   157.18   0.40   339   157.43   0.44
M    125.93   376   157.55   0.38   373   156.96   0.42
M    132.23   412   156.99   0.40   390   157.20   0.41
M    138.84   453   157.13   0.38   434   156.95   0.39
M    145.78   498   156.75   0.36   489   157.03   0.36
M    153.07   553   156.83   0.34   556   157.02   0.34
M    160.73   609   156.59   0.33   604   157.23   0.33
M    168.76   573   157.10   0.34   665   156.85   0.31
M    177.20   421   156.78   0.39   756   156.66   0.32
M    186.06   526   157.39   0.32   781   156.72   0.26
