###  1237667323260436605 0.396 27.989 176.19839
# method  r_pixel  n1 i1_cts i1_cts_err n2 i2_cts i2_cts_err
I      3.00    10   249.66   3.20     9   381.58   1.59
I      5.00    10   219.89   1.92     9   257.43   0.88
I      7.00    10   199.79   1.74     9   214.57   3.20
I      9.00    10   191.82   1.72     9   197.34   2.36
M     11.00    13   185.34   1.55    13   194.43   1.89
M     13.00    10   185.90   1.57    13   186.00   1.38
M     15.00    14   181.95   1.33    15   183.90   2.24
M     17.00    17   177.63   1.50    18   181.96   0.88
M     19.00    20   178.55   2.36    18   176.97   1.02
M     21.00    22   176.86   1.19    21   176.24   1.22
M     23.00    23   178.13   1.04    24   178.79   1.65
M     25.00    25   177.82   1.61    25   177.53   1.36
M     27.00    27   177.34   1.07    26   176.19   0.97
M     29.00    29   174.85   1.96    28   175.80   1.17
M     31.00    33   175.89   1.40    32   175.32   1.64
M     33.00    33   177.02   1.51    33   176.57   0.76
M     35.00    37   178.36   1.22    36   176.18   1.14
M     37.00    39   176.58   1.59    40   175.96   1.37
M     39.00    40   176.50   1.37    39   176.36   1.39
M     41.00    44   177.13   1.12    44   176.85   1.12
M     43.05    46   175.65   0.91    45   176.09   1.11
M     45.20    52   176.39   1.03    51   176.85   0.87
M     47.46    59   174.94   1.13    55   175.85   0.75
M     49.84    59   175.19   0.89    63   176.12   0.86
M     52.33    72   174.92   0.95    66   175.66   0.76
M     54.94    76   175.99   1.00    75   176.38   0.79
M     57.69    84   176.88   0.68    83   175.65   0.82
M     60.58    94   175.43   0.77    92   176.94   0.65
M     63.60   102   175.91   0.74   102   175.66   0.86
M     66.78   109   176.31   0.71   109   175.91   0.77
