###  1237667444048527610 0.396 27.91 203.17311
# method  r_pixel  n1 i1_cts i1_cts_err n2 i2_cts i2_cts_err
I      3.00    16   328.36   7.55    15   323.78   6.59
I      5.00    16   268.90   6.74    15   261.16   4.12
I      7.00    16   246.65   1.32    15   243.72   2.43
I      9.00    16   233.63   1.37    15   235.66   2.80
M     11.00    12   227.98   3.26    12   226.79   2.36
M     13.00    13   219.79   1.91    11   220.64   1.14
M     15.00    14   221.27   3.02    15   217.57   2.11
M     17.00    14   209.92   1.17    16   213.62   2.20
M     19.00    20   213.52   2.10    18   213.70   1.63
M     21.00    21   208.28   1.92    22   208.73   1.87
M     23.00    21   208.62   1.37    21   208.70   1.64
M     25.00    24   206.31   2.18    28   206.01   2.25
M     27.00    25   205.04   1.13    25   206.56   1.26
M     29.00    27   206.74   1.69    23   204.19   1.05
M     31.00    34   203.83   1.29    33   203.63   1.20
M     33.00    31   204.41   2.03    32   201.92   1.66
M     35.00    33   204.09   1.20    34   203.38   1.51
M     37.00    36   203.98   1.25    37   202.32   1.34
M     39.00    36   204.62   1.15    36   203.48   0.94
M     41.00    41   202.14   1.27    41   202.66   1.67
M     43.05    42   204.67   1.07    46   205.25   1.57
M     45.20    46   202.99   1.02    46   202.05   1.11
M     47.46    54   204.13   0.85    56   203.46   1.01
M     49.84    59   203.67   1.06    61   204.59   1.04
M     52.33    59   203.02   0.73    66   203.99   1.08
M     54.94    71   203.14   0.97    73   203.44   1.03
M     57.69    82   203.72   0.83    79   203.67   0.85
M     60.58    87   202.40   0.81    90   203.12   0.93
M     63.60    97   202.72   0.89    90   202.32   0.79
M     66.78   106   202.28   0.79   107   203.86   0.73
M     70.12   121   203.58   0.91   118   203.06   0.81
M     73.63   125   202.88   0.62   133   202.35   0.82
