###  1237667324334964812 0.396 27.978 166.50024
# method  r_pixel  n1 i1_cts i1_cts_err n2 i2_cts i2_cts_err
I      3.00    10  1178.99   4.38     9  3557.57  31.68
I      5.00    10   686.15  10.98     9  1448.70   5.20
I      7.00    10   460.77   5.59     9   775.07   2.41
I      9.00    10   357.14   5.94     9   496.31   1.76
M     11.00    10   311.22   4.55    14   379.50  10.64
M     13.00    14   279.32   2.80    13   318.79   3.96
M     15.00    14   256.76   1.40    17   281.20   2.68
M     17.00    17   244.39   1.74    16   256.88   2.62
M     19.00    18   232.98   2.15    19   246.27   2.09
M     21.00    19   218.52   1.50    21   231.34   2.28
M     23.00    25   211.96   1.56    25   218.62   1.83
M     25.00    28   205.27   1.72    26   210.04   2.68
M     27.00    28   198.46   1.60    29   202.89   1.82
M     29.00    31   195.02   1.29    26   199.23   1.92
M     31.00    30   192.61   1.31    34   197.97   1.79
M     33.00    34   186.92   1.34    33   193.91   1.70
M     35.00    36   185.66   1.52    35   193.34   3.09
M     37.00    42   183.01   1.31    36   190.94   1.85
M     39.00    40   180.89   1.24    37   184.79   1.61
M     41.00    41   178.32   1.63    43   180.55   1.29
M     43.05    44   176.47   1.18    47   180.03   1.04
M     45.20    52   175.98   1.18    49   176.40   1.30
M     47.46    57   172.97   1.21    60   175.96   0.93
M     49.84    60   175.00   0.92    61   173.28   1.00
M     52.33    69   174.23   0.86    59   173.58   0.93
M     54.94    72   173.60   0.92    51   172.33   1.46
M     57.69    84   171.85   0.92    45   168.45   1.07
M     60.58    93   171.21   0.95    43   169.95   1.19
M     63.60    95   171.86   0.74    40   171.94   1.24
M     66.78   115   169.64   0.85    46   170.25   0.96
M     70.12   121   169.06   0.83    73   169.50   0.92
M     73.63   134   170.15   0.62    97   170.60   0.86
M     77.31   152   168.18   0.69   138   170.51   0.61
M     81.18   166   167.66   0.71   164   169.98   0.61
M     85.24   184   168.24   0.58   176   169.48   0.59
M     89.50   203   168.90   0.59   141   168.47   0.60
M     93.97   222   167.96   0.53   155   168.10   0.58
M     98.67   234   166.94   0.47   186   168.51   0.62
M    103.60   270   167.56   0.52   245   168.10   0.50
M    108.79   297   166.87   0.45   306   167.08   0.52
