###  1237665427553583111 0.396 27.836 154.33232
# method  r_pixel  n1 i1_cts i1_cts_err n2 i2_cts i2_cts_err
I      3.00    12  1158.06   4.94    11  3813.52  18.62
I      5.00    12   658.81   5.95    11  1689.74   5.04
I      7.00    12   440.15   8.74    11   872.07  12.96
I      9.00    12   329.30   4.68    11   533.04  11.81
M     11.00    13   290.39   8.69    11   395.85  12.70
M     13.00    13   255.93   2.62    10   314.33   9.14
M     15.00    16   234.18   2.99    16   277.64   7.08
M     17.00    18   220.88   1.78    17   246.60   3.65
M     19.00    19   211.71   1.73    21   228.55   2.61
M     21.00    21   207.58   2.47    20   218.86   2.25
M     23.00    25   199.93   2.14    21   208.95   1.51
M     25.00    24   194.15   1.79    23   201.20   1.57
M     27.00    28   190.74   1.78    27   196.32   1.93
M     29.00    27   186.38   1.33    30   194.07   1.37
M     31.00    32   180.74   1.55    32   185.22   1.78
M     33.00    33   176.45   1.20    33   186.06   1.75
M     35.00    35   176.47   1.59    36   180.77   1.67
M     37.00    38   171.95   1.42    35   177.48   2.23
M     39.00    42   168.13   1.26    41   174.38   1.28
M     41.00    37   166.61   1.24    42   172.87   1.45
M     43.05    45   165.47   1.78    44   170.01   1.42
M     45.20    50   165.33   1.07    52   167.63   1.04
M     47.46    57   163.50   1.75    54   163.83   1.45
M     49.84    60   161.37   1.38    61   163.73   1.12
M     52.33    68   161.18   1.07    64   162.55   0.86
M     54.94    79   160.28   1.20    74   159.99   0.95
M     57.69    81   159.86   1.05    84   159.98   0.96
M     60.58    88   158.31   0.94    89   158.41   1.06
M     63.60   101   156.93   0.94   102   156.76   0.99
M     66.78   113   156.70   0.89   105   156.12   0.74
M     70.12   122   156.88   0.80   124   156.41   0.90
M     73.63   131   156.30   0.71   134   156.01   0.76
M     77.31   145   154.81   0.78   148   156.25   0.72
M     81.18   168   155.10   0.68   162   154.84   0.69
M     85.24   180   154.57   0.65   179   154.86   0.66
M     89.50   200   155.23   0.71   198   155.22   0.71
M     93.97   219   155.19   0.59   221   154.65   0.63
M     98.67   246   153.91   0.60   237   153.65   0.57
M    103.60   262   154.41   0.50   266   154.70   0.54
