###  1237667444048789588 0.396 27.91 210.34079
# method  r_pixel  n1 i1_cts i1_cts_err n2 i2_cts i2_cts_err
I      3.00    10  1819.25  24.72     9  1576.23  19.84
I      5.00    10  1028.81   3.62     9   990.32  16.86
I      7.00    10   794.99   8.27     9   739.49  11.64
M      9.00    10   665.54  11.54    10   587.29  27.16
M     11.00    11   560.77   9.50    10   504.40   7.70
M     13.00    12   508.65   8.01    14   468.68  12.10
M     15.00    16   487.79   9.71    15   446.22  12.15
M     17.00    19   494.50   9.36    16   433.75   8.63
M     19.00    20   485.29   6.72    17   445.97   3.69
M     21.00    22   466.58   5.23    25   430.61   8.55
M     23.00    22   445.71   3.74    22   421.66   2.94
M     25.00    26   420.50   4.28    27   397.89   3.27
M     27.00    28   399.44   3.35    28   377.08   3.79
M     29.00    29   394.08   3.49    27   366.55   2.89
M     31.00    33   410.06   5.89    33   359.39   2.31
M     33.00    29   417.83   3.72    33   352.35   3.29
M     35.00    38   392.34   3.57    39   337.34   2.82
M     37.00    39   340.08   3.21    36   329.07   2.09
M     39.00    41   307.26   2.15    36   319.06   2.82
M     41.00    41   286.04   2.16    43   307.97   2.67
M     43.05    48   273.66   1.90    46   294.26   2.32
M     45.20    51   264.69   1.23    52   285.65   1.74
M     47.46    53   263.12   1.46    58   279.58   1.24
M     49.84    58   259.10   1.08    64   273.81   1.10
M     52.33    70   253.71   1.20    63   265.49   1.43
M     54.94    73   248.88   0.96    77   259.38   1.22
M     57.69    84   245.57   1.03    83   253.37   1.10
M     60.58    93   243.55   0.97    94   247.79   1.16
M     63.60   100   238.75   0.94   103   242.54   1.05
M     66.78   112   236.29   0.89   109   237.65   0.90
M     70.12   127   234.61   0.89   125   234.43   0.90
M     73.63   135   230.37   0.86   137   232.01   0.91
M     77.31   147   228.97   0.78   148   229.35   0.83
M     81.18   163   225.96   0.79   115   228.48   0.88
M     85.24   182   222.65   0.70    92   224.71   0.92
M     89.50   199   218.90   0.62   116   222.97   0.87
M     93.97   221   218.38   0.63   209   221.84   0.61
M     98.67   245   218.24   0.64   245   221.10   0.56
M    103.60   269   219.28   0.57   250   219.25   0.56
M    108.79   296   218.05   0.47   187   218.20   0.69
M    114.22   330   218.09   0.48   172   216.25   0.57
M    119.94   356   217.37   0.43   190   217.63   0.68
M    125.93   391   216.24   0.44   190   217.51   0.73
M    132.23   436   215.54   0.39   204   215.64   0.57
M    138.84   475   214.22   0.40   263   214.88   0.54
M    145.78   532   213.41   0.41   442   215.91   0.39
M    153.07   574   214.27   0.37   581   215.54   0.39
M    160.73   482   214.33   0.40   645   214.46   0.37
M    168.76   464   214.66   0.44   719   213.58   0.33
M    177.20   493   213.50   0.42   788   212.53   0.34
M    186.06   602   214.12   0.36   867   211.71   0.32
M    195.36   859   214.10   0.30   952   211.62   0.26
M    205.13  1055   214.92   0.27  1051   210.89   0.27
M    215.39   959   214.26   0.28  1144   210.88   0.26
M    226.16   821   213.96   0.35  1277   210.97   0.25
M    237.46   744   212.94   0.33  1393   210.73   0.24
M    249.34   665   213.19   0.36  1300   211.01   0.24
M    261.80   889   213.84   0.32  1364   210.33   0.24
M    274.89  1464   212.85   0.25  1829   210.79   0.21
M    288.64  1439   212.72   0.25  2067   210.91   0.19
M    303.07  1485   213.33   0.23  2300   210.86   0.18
M    318.23  1817   212.62   0.21  2406   211.13   0.18
