###  1237667444048724303 0.396 27.91 210.14648
# method  r_pixel  n1 i1_cts i1_cts_err n2 i2_cts i2_cts_err
I      3.00    12   324.47   3.34    11   509.00   4.42
I      5.00    12   282.75   3.65    11   343.63   1.89
I      7.00    12   256.04   2.36    11   271.28   1.46
I      9.00    12   241.43   0.56    11   264.55   1.96
I     11.00    12   238.24   3.68    11   247.67   0.87
M     13.00    13   228.30   3.14    12   235.10   1.45
M     15.00    11   219.83   1.32    12   221.43   1.45
M     17.00    14   217.14   1.17    18   220.10   1.78
M     19.00    16   214.74   1.10    19   215.77   1.58
M     21.00    21   214.73   1.64    21   212.60   1.78
M     23.00    21   209.59   1.51    20   212.79   1.26
M     25.00    24   211.01   1.79    26   210.13   2.09
M     27.00    26   210.85   1.35    26   210.74   1.85
M     29.00    28   209.14   1.54    29   210.77   1.40
M     31.00    32   209.43   1.44    32   209.88   1.89
M     33.00    33   208.23   1.31    32   209.82   1.66
M     35.00    36   211.15   1.36    37   210.08   1.14
M     37.00    36   210.54   1.36    36   210.33   1.78
M     39.00    37   210.25   0.93    40   209.04   1.59
M     41.00    40   211.05   1.09    40   210.49   1.69
M     43.05    44   210.54   1.32    46   210.03   1.02
M     45.20    47   209.82   1.10    51   211.69   1.41
M     47.46    59   210.55   1.14    55   210.11   1.27
M     49.84    56   209.67   0.76    58   211.03   1.24
M     52.33    61   209.87   0.88    73   209.07   1.17
M     54.94    76   210.22   1.01    72   210.56   0.96
M     57.69    83   210.29   0.90    79   212.41   0.92
M     60.58    86   210.51   0.68    91   210.89   0.99
M     63.60    99   209.70   0.82   100   209.94   1.13
M     66.78   109   209.50   0.72   113   210.11   0.77
M     70.12   100   209.49   0.88   121   210.39   0.68
