###  1237667443511787541 0.396 27.973 221.60556
# method  r_pixel  n1 i1_cts i1_cts_err n2 i2_cts i2_cts_err
I      3.00    12  1778.25  32.76    11  2400.59  33.33
I      5.00    12   948.01   8.34    11  1124.60  17.16
I      7.00    12   604.60   5.14    11   675.26   8.80
I      9.00    12   481.45   4.80    11   526.06   3.05
M     11.00    13   422.64  11.35    12   452.40   5.96
M     13.00    14   372.57   6.66    13   393.31   5.89
M     15.00    13   328.77   6.05    15   341.55   5.60
M     17.00    18   308.76   1.61    16   317.20   3.86
M     19.00    20   286.70   2.64    15   297.83   1.60
M     21.00    21   279.22   1.77    23   285.11   2.46
M     23.00    25   272.73   1.86    24   276.31   2.15
M     25.00    24   264.24   2.28    27   272.16   2.63
M     27.00    25   261.46   1.12    29   264.43   2.31
M     29.00    30   253.30   1.36    26   258.49   1.94
M     31.00    32   249.17   1.86    31   255.67   1.12
M     33.00    32   249.88   1.65    34   248.80   2.24
M     35.00    34   245.54   1.60    35   244.42   1.36
M     37.00    36   242.14   1.34    37   243.14   1.63
M     39.00    38   237.01   1.61    39   241.48   1.59
M     41.00    42   237.67   1.34    42   236.40   1.44
M     43.05    47   235.19   1.36    44   236.16   1.50
M     45.20    48   230.39   0.99    52   233.79   1.55
M     47.46    53   230.10   1.28    52   233.40   1.03
M     49.84    59   230.33   1.29    59   232.62   1.13
M     52.33    70   228.42   1.12    70   227.96   1.19
M     54.94    70   227.12   0.97    77   225.35   1.13
M     57.69    83   225.33   0.95    83   227.21   1.29
M     60.58    93   223.97   1.10    90   223.66   1.05
M     63.60    99   224.19   0.81    97   224.87   0.95
M     66.78   107   225.45   0.90   112   224.34   0.70
M     70.12   123   223.13   0.95   118   222.48   0.74
M     73.63   132   223.59   0.92   129   221.68   0.60
M     77.31   155   221.03   0.80   150   222.33   0.71
M     81.18   158   221.95   0.74   163   221.89   0.73
M     85.24   178   222.98   0.65   181   222.26   0.74
M     89.50   195   221.16   0.67   200   222.04   0.66
M     93.97   220   221.65   0.59   216   222.91   0.63
