###  1237667324334833744 0.396 27.978 163.64241
# method  r_pixel  n1 i1_cts i1_cts_err n2 i2_cts i2_cts_err
I      3.00    12   541.66   6.80    11   668.67  17.11
I      5.00    12   409.81   6.20    11   456.66   8.55
I      7.00    12   353.31   5.34    11   364.30   3.75
I      9.00    12   292.93   2.48    11   320.64   2.22
M     11.00    12   280.44   4.15    10   289.19   4.55
M     13.00    13   266.60   3.62    12   274.40   1.32
M     15.00    14   247.57   2.09    16   255.46   2.45
M     17.00    17   243.63   1.42    13   243.32   1.81
M     19.00    20   238.22   2.18    19   232.94   4.18
M     21.00    21   233.14   1.85    22   225.93   4.88
M     23.00    24   230.90   2.27    22   221.53   3.07
M     25.00    26   231.61   4.23    28   218.27   3.82
M     27.00    26   228.20   3.33    28   217.38   3.82
M     29.00    31   216.80   3.16    27   216.91   2.89
M     31.00    33   213.82   2.27    32   214.16   3.47
M     33.00    32   208.73   2.31    34   211.27   3.25
M     35.00    36   203.71   1.31    31   202.31   2.11
M     37.00    35   203.10   1.87    39   199.86   2.09
M     39.00    38   197.71   1.27    39   196.38   1.88
M     41.00    41   198.56   1.12    36   192.41   1.31
M     43.05    45   187.68   1.17    49   188.67   1.03
M     45.20    48   185.57   1.04    49   186.01   1.03
M     47.46    56   184.91   1.31    55   183.65   0.97
M     49.84    63   182.57   1.07    57   181.83   0.78
M     52.33    65   179.77   0.97    68   179.20   1.03
M     54.94    72   175.49   0.92    73   176.49   0.69
M     57.69    82   174.19   0.87    82   174.47   0.79
M     60.58    91   171.90   0.89    90   173.28   0.83
M     63.60   103   168.84   1.03    98   168.59   0.73
M     66.78   109   168.13   0.69   112   168.77   0.74
M     70.12   119   168.19   0.66   122   168.34   0.77
M     73.63   133   167.04   0.62   134   165.90   0.79
M     77.31   148   166.71   0.64   143   166.37   0.60
M     81.18   161   165.81   0.57   163   164.77   0.66
M     85.24   179   164.68   0.58   175   164.67   0.54
M     89.50   194   164.80   0.56   198   164.62   0.51
M     93.97   220   164.85   0.53   216   164.16   0.53
M     98.67   243   163.45   0.50   240   163.87   0.51
M    103.60   267   163.81   0.48   262   164.22   0.52
M    108.79   286   163.57   0.39   299   164.69   0.45
M    114.22   321   164.12   0.47   318   164.65   0.44
M    119.94   356   163.10   0.38   351   163.77   0.38
M    125.93   381   163.62   0.37   385   163.58   0.40
M    132.23   431   163.40   0.38   435   164.31   0.38
M    138.84   481   163.06   0.33   468   163.25   0.33
M    145.78   528   163.36   0.34   522   163.57   0.34
M    153.07   574   164.08   0.33   582   163.34   0.33
M    160.73   634   163.54   0.29   636   163.91   0.31
M    168.76   707   163.78   0.32   705   163.67   0.29
M    177.20   775   163.48   0.28   780   163.20   0.28
M    186.06   859   163.59   0.27   855   163.37   0.27
M    195.36   948   163.71   0.25   936   163.80   0.26
M    205.13  1020   163.86   0.25  1030   163.77   0.24
