###  1237665440979353636 0.396 27.973 170.71584
# method  r_pixel  n1 i1_cts i1_cts_err n2 i2_cts i2_cts_err
I      3.00    16   773.00  11.81    15   967.20  20.68
I      5.00    16   474.30   8.77    15   571.07   6.94
I      7.00    16   379.45   7.14    15   422.32   1.06
I      9.00    16   318.34   3.48    15   333.22   2.13
M     11.00    11   277.46   5.49    12   294.05   4.19
M     13.00    10   263.50   4.14    14   270.22   4.28
M     15.00    15   241.39   3.19    13   249.96   1.62
M     17.00    18   231.64   2.40    16   239.36   3.45
M     19.00    16   221.18   2.36    18   223.81   1.54
M     21.00    22   212.07   2.49    20   215.95   2.77
M     23.00    22   201.91   2.79    22   209.81   2.02
M     25.00    23   201.20   1.52    23   199.26   1.52
M     27.00    28   193.58   1.24    26   199.83   2.28
M     29.00    27   192.20   1.68    29   196.88   1.48
M     31.00    28   187.66   2.06    33   195.35   2.03
M     33.00    33   184.97   1.65    23   194.17   2.12
M     35.00    35   182.36   1.35    24   186.33   1.49
M     37.00    35   178.58   1.60    31   184.39   2.74
M     39.00    37   178.59   0.96    37   183.87   1.79
M     41.00    41   175.66   1.59    37   177.39   1.44
M     43.05    40   174.08   1.15    45   176.88   1.30
M     45.20    49   175.32   1.25    47   175.23   1.06
M     47.46    57   175.20   1.25    56   174.65   1.36
M     49.84    55   173.98   1.08    59   172.62   1.33
M     52.33    69   173.09   1.05    62   172.47   1.11
M     54.94    71   172.58   1.04    74   174.31   0.93
M     57.69    79   171.84   1.06    82   171.79   0.88
M     60.58    86   171.00   0.71    81   171.52   0.81
M     63.60    96   171.12   0.67    97   170.95   1.11
M     66.78   107   170.36   0.91   109   171.77   1.05
M     70.12   114   171.77   0.75   115   170.57   0.68
M     73.63   126   171.03   0.78   128   170.33   0.90
M     77.31   142   170.74   0.79   143   170.09   0.55
M     81.18   157   170.67   0.58   154   171.06   0.76
M     85.24   170   171.23   0.62   168   170.44   0.68
M     89.50   187   169.68   0.59   179   170.09   0.71
M     93.97   209   170.51   0.61   196   171.40   0.73
M     98.67   230   170.85   0.58   221   172.10   0.59
