###  1237667324334964917 0.396 27.978 166.03253
# method  r_pixel  n1 i1_cts i1_cts_err n2 i2_cts i2_cts_err
I      3.00    18   387.77   3.01    17   532.17   5.65
I      5.00    18   335.54   1.36    17   425.63   2.13
I      7.00    18   332.65   3.50    17   361.91   1.19
I      9.00    18   307.45   2.77    17   334.08   2.57
M     11.00    12   284.15   2.80    10   318.36   3.31
M     13.00    11   272.54   1.38    14   295.57   2.98
M     15.00    15   252.34   2.53    14   268.55   3.16
M     17.00    14   237.24   3.47    14   262.06   2.09
M     19.00    18   222.17   1.54    17   250.45   1.73
M     21.00    21   206.66   1.99    22   230.01   3.90
M     23.00    24   197.62   2.93    21   217.30   2.71
M     25.00    19   188.09   2.25    22   199.86   2.64
M     27.00    28   182.12   1.85    28   190.30   1.60
M     29.00    29   177.56   1.21    29   183.16   1.45
M     31.00    29   172.50   1.46    29   180.91   1.21
M     33.00    29   173.18   1.46    29   177.57   1.58
M     35.00    35   171.43   1.88    34   173.42   1.23
M     37.00    34   170.15   0.78    36   171.35   1.09
M     39.00    37   169.69   0.86    37   173.21   1.07
M     41.00    37   169.60   0.97    37   171.30   1.29
M     43.05    42   170.15   1.21    40   169.58   1.03
M     45.20    47   168.58   1.14    46   169.37   0.87
M     47.46    46   165.60   0.68    52   169.88   1.00
M     49.84    58   167.57   1.20    57   168.86   1.12
M     52.33    65   167.08   0.89    68   166.99   1.19
M     54.94    56   168.00   0.87    70   167.26   0.78
M     57.69    43   166.40   1.49    77   166.55   0.97
M     60.58    26   164.60   0.90    83   165.82   0.79
M     63.60    30   164.57   0.95    97   167.02   0.86
M     66.78    40   167.70   1.13   102   166.30   0.78
M     70.12    51   165.94   1.00   111   166.47   0.62
M     73.63    63   166.11   1.07   122   165.88   0.65
M     77.31    97   167.07   0.80   138   166.11   0.61
M     81.18   157   165.04   0.63   155   165.99   0.52
M     85.24   170   165.86   0.60   167   165.40   0.61
M     89.50   181   166.17   0.49   188   166.41   0.57
M     93.97   207   166.47   0.55   207   166.11   0.59
M     98.67   228   166.00   0.48   231   165.89   0.56
M    103.60   252   165.85   0.53   248   165.74   0.50
M    108.79   274   166.39   0.43   282   165.96   0.43
M    114.22   305   166.86   0.41   298   166.70   0.45
