###  1237667323797700661 0.396 27.932 161.8676
# method  r_pixel  n1 i1_cts i1_cts_err n2 i2_cts i2_cts_err
I      3.00    10   222.82   1.44     9   295.16   2.46
I      5.00    10   209.87   0.87     9   243.36   1.35
I      7.00    10   186.32   3.53     9   222.85   1.09
I      9.00    10   190.56   3.22     9   196.91   0.41
I     11.00    10   182.34   1.12     9   190.74   1.58
M     13.00    14   178.26   1.34    14   181.28   1.84
M     15.00    14   171.75   2.18    15   180.41   1.78
M     17.00    20   168.60   1.54    18   177.78   1.48
M     19.00    16   164.74   1.73    19   174.81   2.02
M     21.00    21   167.48   1.78    22   170.78   1.74
M     23.00    24   165.70   1.41    24   166.57   1.54
M     25.00    25   162.96   1.26    26   165.75   1.85
M     27.00    29   163.58   1.75    27   165.84   1.21
M     29.00    28   164.13   1.42    28   166.93   1.54
M     31.00    32   165.64   1.22    32   163.76   1.45
M     33.00    35   162.83   1.59    36   166.26   1.26
M     35.00    37   163.15   1.34    33   164.32   0.98
M     37.00    36   162.89   1.26    38   162.64   1.22
M     39.00    39   162.41   1.31    40   160.94   0.99
M     41.00    42   159.72   1.07    42   161.34   1.07
M     43.05    47   162.22   1.10    44   162.71   0.76
M     45.20    52   162.45   1.05    52   160.44   1.13
M     47.46    55   164.36   1.18    54   161.58   1.28
M     49.84    62   162.85   0.88    63   162.57   0.87
M     52.33    67   161.20   0.92    64   164.34   0.86
M     54.94    78   161.75   0.85    75   162.39   0.73
M     57.69    83   163.62   0.96    83   163.35   0.76
M     60.58    95   163.31   0.84    91   162.65   0.79
M     63.60   100   163.41   0.71    99   162.11   0.82
M     66.78   111   161.43   0.66   116   161.43   0.93
M     70.12   124   162.73   0.76   127   161.61   0.78
M     73.63   137   163.38   0.64   135   161.86   0.81
M     77.31   144   163.66   0.73   151   162.28   0.61
M     81.18   164   163.38   0.71   168   161.67   0.63
M     85.24   180   162.42   0.61   178   161.75   0.52
M     89.50   200   163.62   0.53   196   161.68   0.54
M     93.97   225   162.58   0.54   223   162.21   0.59
M     98.67   242   162.52   0.52   239   161.00   0.53
M    103.60   266   162.34   0.46   269   161.69   0.50
M    108.79   294   161.71   0.44   291   161.40   0.44
M    114.22   327   162.25   0.49   321   161.03   0.42
