###  1237667322723369088 0.396 27.952 180.10703
# method  r_pixel  n1 i1_cts i1_cts_err n2 i2_cts i2_cts_err
I      3.00    10   323.25   4.08     9   294.62   2.85
I      5.00    10   287.35   2.73     9   273.84   3.57
I      7.00    10   264.77   2.27     9   249.39   1.46
I      9.00    10   245.07   3.04     9   236.87   0.96
M     11.00    11   233.40   3.11    10   228.95   1.54
M     13.00    13   227.92   1.51    13   220.16   2.36
M     15.00    13   220.69   1.86    14   211.07   1.46
M     17.00    18   216.09   2.72    19   206.55   2.37
M     19.00    20   213.93   1.76    18   200.39   1.44
M     21.00    21   206.82   1.99    22   201.60   1.43
M     23.00    22   194.68   1.69    22   194.73   1.17
M     25.00    25   188.56   1.34    25   197.37   1.46
M     27.00    28   189.23   1.50    28   190.38   1.95
M     29.00    29   186.17   1.69    29   187.65   1.47
M     31.00    29   182.76   1.47    32   185.96   1.72
M     33.00    33   183.97   1.06    34   183.67   1.36
M     35.00    37   182.10   1.00    36   183.60   1.01
M     37.00    37   180.97   1.20    39   182.62   1.27
M     39.00    38   181.91   1.18    40   181.66   1.15
M     41.00    42   181.49   0.85    41   181.85   1.23
M     43.05    45   181.75   1.27    48   181.75   1.23
M     45.20    54   181.48   1.08    52   180.03   1.18
M     47.46    58   180.15   0.96    55   180.38   1.07
M     49.84    58   181.41   0.80    64   180.53   1.29
M     52.33    69   179.44   0.66    68   180.70   0.88
M     54.94    72   179.87   0.72    77   179.60   0.90
M     57.69    79   179.66   0.75    82   180.57   0.74
M     60.58    91   179.08   0.77    89   179.36   0.64
M     63.60    98   179.68   0.68   100   180.30   0.67
M     66.78   115   179.68   0.68   112   180.59   0.75
M     70.12   119   180.13   0.67   117   178.54   0.51
M     73.63   136   179.79   0.63   138   180.35   0.73
M     77.31   145   180.32   0.66   153   180.16   0.69
M     81.18   163   180.21   0.67   163   180.46   0.62
M     85.24   187   179.44   0.58   184   180.02   0.59
M     89.50   200   179.97   0.52   198   180.12   0.52
M     93.97   218   180.49   0.54   204   180.44   0.51
M     98.67   243   180.56   0.47   204   179.77   0.58
M    103.60   270   180.41   0.48   189   181.26   0.59
M    108.79   304   179.77   0.42   170   179.50   0.56
M    114.22   273   180.46   0.48   234   179.83   0.50
M    119.94   265   180.29   0.49   252   179.63   0.50
M    125.93   168   180.13   0.56    37   180.73   1.00
