###  1237667324335226892 0.396 27.978 168.78226
# method  r_pixel  n1 i1_cts i1_cts_err n2 i2_cts i2_cts_err
I      3.00    14   264.31   1.03    13   436.26   5.03
I      5.00    14   240.22   3.05    13   333.04   5.07
I      7.00    14   210.40   2.23    13   261.58   2.97
I      9.00    14   208.21   1.75    13   228.09   2.71
M     11.00    11   192.66   5.55    10   200.27   2.90
M     13.00    13   185.19   4.41    12   187.23   0.99
M     15.00    13   181.15   3.24    15   182.84   2.70
M     17.00    18   181.78   2.78    17   177.86   2.53
M     19.00    19   173.08   1.90    18   174.22   1.51
M     21.00    19   177.27   2.64    21   175.61   2.32
M     23.00    24   177.36   2.81    22   174.35   1.19
M     25.00    24   177.14   2.82    26   172.62   1.28
M     27.00    26   171.20   3.04    22   173.36   0.83
M     29.00    30   169.81   2.36    29   170.58   2.18
M     31.00    28   168.19   2.25    32   172.18   1.04
M     33.00    30   172.72   1.61    29   170.29   1.09
M     35.00    30   170.57   1.74    33   170.13   1.02
M     37.00    25   173.17   4.94    36   168.50   1.30
M     39.00    20   166.63   3.79    40   171.22   1.34
M     41.00    11   162.78   2.82    42   170.66   1.11
I     43.05    14   164.51  29.45    13   171.58   1.51
I     45.20    14   162.24   7.74    13   171.10   2.01
I     47.46    14   166.19  66.90    13   168.99   1.55
I     49.84    14   177.47  46.20    13   168.60   1.85
I     52.33    14   171.20  27.73    13   170.44   1.60
I     54.94    14   162.96  16.35    13   169.97   1.93
I     57.69    14   163.06   7.13    13   167.94   1.58
I     60.58    14   163.07   6.65    13   166.16   1.70
I     63.60    14   167.55   2.78    13   167.14   1.36
I     66.78    14   171.97   3.45    13   168.83   0.59
M     70.12    17   162.91   1.30   122   166.92   0.71
M     73.63    43   166.82   1.31   132   168.92   0.68
M     77.31   100   168.61   0.84   141   168.42   0.55
M     81.18   109   168.97   0.74   158   167.99   0.62
