###  1237667324334702622 0.396 27.978 163.44847
# method  r_pixel  n1 i1_cts i1_cts_err n2 i2_cts i2_cts_err
I      3.00    10  1696.07  19.69     9  2539.07   8.79
I      5.00    10   826.41   7.75     9  1132.18   4.35
I      7.00    10   540.21   7.18     9   673.86   8.21
I      9.00    10   445.49  11.27     9   482.73   9.33
M     11.00    13   357.34   6.74    12   373.39   8.00
M     13.00    13   305.34   6.38    12   318.15   3.23
M     15.00    16   269.10   3.27    15   279.01   5.43
M     17.00    18   246.37   1.83    17   253.14   2.70
M     19.00    19   231.29   1.25    23   236.64   1.97
M     21.00    22   223.95   1.03    20   223.25   1.69
M     23.00    22   216.84   1.27    22   217.63   1.84
M     25.00    24   213.46   1.27    26   215.37   1.82
M     27.00    27   208.80   1.20    27   211.17   2.47
M     29.00    32   203.44   1.27    30   205.66   1.55
M     31.00    32   200.01   0.94    33   199.77   1.32
M     33.00    33   194.97   0.90    35   196.42   1.92
M     35.00    32   190.85   0.76    32   194.41   0.76
M     37.00    39   187.47   0.86    38   191.74   1.30
M     39.00    41   183.26   0.73    41   190.73   1.56
M     41.00    44   179.95   0.94    43   185.44   1.41
M     43.05    48   177.42   0.78    44   182.87   1.12
M     45.20    51   175.95   0.92    50   179.93   0.85
M     47.46    56   175.79   0.62    57   178.45   0.89
M     49.84    61   173.96   0.74    65   177.91   1.15
M     52.33    68   173.85   0.76    67   175.84   1.00
M     54.94    77   172.32   0.57    68   174.57   0.80
M     57.69    82   170.06   0.60    58   171.36   0.89
M     60.58    94   169.85   0.57    64   170.92   0.98
M     63.60    98   168.10   0.48    65   168.50   1.02
M     66.78   112   166.57   0.57    76   165.88   1.04
M     70.12   123   165.50   0.52   118   165.81   0.74
M     73.63   133   165.61   0.49   136   166.78   0.64
M     77.31   148   164.71   0.40   151   165.52   0.72
M     81.18   165   164.33   0.38   162   163.73   0.60
M     85.24   173   163.94   0.43   175   164.70   0.48
M     89.50   203   163.25   0.40   198   164.01   0.53
