###  1237667444585988328 0.396 27.956 210.8367
# method  r_pixel  n1 i1_cts i1_cts_err n2 i2_cts i2_cts_err
I      3.00    10   391.43   7.73     9   354.09   5.93
I      5.00    10   322.51   7.04     9   303.30   3.14
I      7.00    10   285.93   2.18     9   281.17   3.02
I      9.00    10   264.24   2.53     9   263.34   1.12
M     11.00    11   256.42   2.94    12   249.11   2.64
M     13.00    13   247.15   1.45    13   240.43   2.17
M     15.00    16   244.49   2.45    14   237.23   1.92
M     17.00    17   236.84   1.74    16   233.20   1.63
M     19.00    18   231.19   1.08    17   230.93   0.95
M     21.00    20   231.32   1.90    24   227.20   1.87
M     23.00    27   226.33   1.88    23   226.63   1.64
M     25.00    25   223.42   1.83    25   222.49   1.04
M     27.00    30   221.10   1.67    27   217.57   1.51
M     29.00    27   220.90   1.51    29   218.56   1.58
M     31.00    33   219.10   1.48    31   219.33   1.41
M     33.00    31   219.98   1.17    34   218.85   1.57
M     35.00    37   217.53   1.29    35   218.90   1.10
M     37.00    36   218.58   1.09    39   216.17   1.67
M     39.00    40   216.15   1.24    40   214.64   1.45
M     41.00    44   214.63   1.38    44   214.96   1.28
M     43.05    47   212.93   1.24    47   217.05   1.33
M     45.20    52   213.56   1.18    50   214.74   1.02
M     47.46    56   213.42   0.78    56   213.75   0.96
M     49.84    57   212.54   0.86    62   213.92   0.99
M     52.33    66   210.62   0.88    67   210.24   0.96
M     54.94    78   212.94   0.89    77   212.62   0.97
M     57.69    84   212.19   0.93    85   212.37   0.92
M     60.58    95   211.34   0.87    91   212.22   0.75
M     63.60    99   213.09   0.79   102   210.69   0.90
M     66.78   109   211.13   0.81   110   211.23   0.81
M     70.12   126   211.69   0.76   114   210.78   0.61
M     73.63   136   211.13   0.67   136   211.62   0.62
M     77.31   151   210.84   0.74   153   210.44   0.69
M     81.18   172   211.27   0.70   158   212.51   0.57
M     85.24   178   211.30   0.59   183   210.56   0.58
M     89.50   186   211.56   0.57   202   211.73   0.55
M     93.97   194   211.16   0.52   190   211.15   0.62
M     98.67   238   210.99   0.55   162   210.48   0.72
M    103.60   260   211.09   0.49   181   211.37   0.58
M    108.79   294   210.96   0.46   214   210.93   0.58
M    114.22   338   210.74   0.43   255   210.72   0.45
M    119.94   358   210.40   0.45   261   211.02   0.44
M    125.93   399   211.08   0.42   307   211.05   0.37
M    132.23   442   210.74   0.40   437   210.40   0.37
M    138.84   481   210.49   0.39   479   211.44   0.39
M    145.78   533   210.77   0.37   537   211.15   0.37
M    153.07   584   211.12   0.32   594   210.65   0.35
M    160.73   650   210.71   0.33   649   210.96   0.33
M    168.76   722   210.76   0.32   720   210.74   0.32
M    177.20   799   210.45   0.32   788   210.54   0.33
M    186.06   864   210.49   0.29   874   210.97   0.29
M    195.36   902   211.05   0.30   965   210.75   0.27
M    205.13  1006   210.91   0.27  1062   211.31   0.26
M    215.39   908   210.53   0.28   832   211.50   0.27
