###  1237667444585201733 0.396 27.956 204.06221
# method  r_pixel  n1 i1_cts i1_cts_err n2 i2_cts i2_cts_err
I      3.00    12   448.18   2.37    11   805.70  17.21
I      5.00    12   367.47   3.05    11   510.87   5.44
I      7.00    12   312.87   2.85    11   378.17   2.88
I      9.00    12   303.68   3.46    11   317.78   1.47
M     11.00    10   277.59   1.43    10   297.62   3.72
M     13.00    12   269.62   2.82    15   283.32   3.87
M     15.00    14   254.74   1.92    15   269.62   3.54
M     17.00    18   240.23   2.61    18   253.55   2.92
M     19.00    19   230.85   1.34    18   242.36   1.39
M     21.00    21   224.75   1.57    21   230.24   1.56
M     23.00    25   221.27   1.44    22   224.15   1.53
M     25.00    26   219.77   2.05    26   220.49   1.54
M     27.00    24   215.53   1.46    28   214.77   1.97
M     29.00    29   214.16   1.69    28   215.73   1.11
M     31.00    29   211.44   2.18    29   211.15   1.45
M     33.00    34   208.74   1.45    34   209.68   1.23
M     35.00    34   207.21   1.23    39   206.11   1.36
M     37.00    41   207.67   1.43    31   206.45   0.94
M     39.00    40   206.17   1.65    40   206.89   1.34
M     41.00    43   209.18   1.29    39   205.89   1.36
M     43.05    46   205.68   1.44    45   205.35   1.07
M     45.20    48   205.12   0.56    50   203.06   1.11
M     47.46    53   206.12   1.07    58   206.04   1.20
M     49.84    59   204.01   1.19    59   206.59   0.94
M     52.33    70   207.66   1.01    71   205.23   0.93
M     54.94    71   204.44   1.01    74   206.11   0.99
M     57.69    85   204.64   0.85    81   205.13   1.16
M     60.58    89   204.22   0.83    90   204.26   0.89
M     63.60    96   203.76   0.67   102   204.24   0.90
M     66.78   111   205.13   0.87   108   204.45   0.82
M     70.12   126   205.23   0.76   127   205.29   0.75
M     73.63   131   204.68   0.68   133   204.52   0.79
M     77.31   148   205.90   0.64   146   204.77   0.75
M     81.18   165   205.15   0.66   163   204.37   0.61
M     85.24   181   204.67   0.63   180   204.41   0.58
M     89.50   195   204.26   0.65   195   206.05   0.56
M     93.97   219   204.30   0.53   228   204.48   0.65
M     98.67   237   204.62   0.55   230   204.47   0.60
M    103.60   263   205.06   0.56   230   203.80   0.56
M    108.79   282   203.63   0.50   240   204.22   0.55
M    114.22   283   204.96   0.50   251   203.32   0.49
