###  1237667323797635307 0.396 27.932 160.19595
# method  r_pixel  n1 i1_cts i1_cts_err n2 i2_cts i2_cts_err
I      3.00    10   505.71   4.91     9   968.73  34.13
I      5.00    10   337.98   4.51     9   549.30  29.10
I      7.00    10   285.38   1.46     9   394.94  10.56
I      9.00    10   257.65   4.02     9   340.76   6.97
I     11.00    10   236.23   3.88     9   304.71   8.95
M     13.00    14   224.00   3.02    14   283.23   3.85
M     15.00    14   205.87   3.52    16   261.76   4.70
M     17.00    18   197.98   2.52    17   239.54   3.50
M     19.00    21   193.47   2.05    19   225.68   2.73
M     21.00    22   190.61   1.47    19   214.60   1.87
M     23.00    22   189.06   2.14    24   202.85   1.67
M     25.00    27   186.24   2.17    26   194.53   1.48
M     27.00    28   184.74   1.54    25   188.50   1.76
M     29.00    30   178.62   1.83    31   185.26   1.47
M     31.00    32   177.97   1.33    32   185.80   1.99
M     33.00    31   174.03   1.35    32   177.62   1.11
M     35.00    36   171.25   0.73    36   175.25   1.15
M     37.00    39   171.18   1.10    38   176.86   1.63
M     39.00    41   173.84   1.66    39   171.83   1.21
M     41.00    40   173.95   1.29    41   169.30   0.78
M     43.05    48   173.54   1.09    47   168.99   1.37
M     45.20    52   173.74   1.22    52   165.80   1.04
M     47.46    60   172.56   1.30    52   165.00   0.78
M     49.84    59   170.69   1.39    65   162.82   0.86
M     52.33    72   170.68   1.04    65   162.18   1.17
M     54.94    68   168.58   0.84    79   163.70   0.92
M     57.69    84   167.46   0.96    85   162.13   0.95
M     60.58    94   166.03   0.78    88   161.87   0.67
M     63.60   101   164.50   0.75   102   160.90   0.62
M     66.78    74   163.85   0.73   107   161.31   0.73
M     70.12    65   162.65   1.01   121   160.16   0.74
M     73.63    72   161.90   0.96   141   159.65   0.63
M     77.31    79   161.57   0.85   148   159.98   0.57
M     81.18    54   161.99   0.94   142   160.98   0.68
M     85.24    72   162.23   0.96   142   159.22   0.63
M     89.50   117   160.44   0.64   151   160.14   0.56
M     93.97   134   161.15   0.65   172   160.26   0.48
M     98.67   152   160.66   0.66   204   160.96   0.57
M    103.60   181   161.87   0.65   273   159.66   0.53
M    108.79   301   161.29   0.51   300   159.88   0.47
M    114.22   327   161.02   0.45   326   159.90   0.45
M    119.94   357   161.02   0.37   356   159.67   0.43
M    125.93   396   159.65   0.38   406   160.08   0.44
M    132.23   444   160.49   0.36   430   159.69   0.36
M    138.84   485   160.62   0.34   384   159.77   0.38
M    145.78   533   160.37   0.33   417   160.22   0.40
M    153.07   593   160.59   0.31   455   160.51   0.41
M    160.73   636   160.20   0.30   460   160.16   0.38
M    168.76   266   160.13   0.50   363   159.49   0.43
