###  1237667444585726198 0.396 27.956 208.95685
# method  r_pixel  n1 i1_cts i1_cts_err n2 i2_cts i2_cts_err
I      3.00    14   753.93   4.22    13   611.16   5.14
I      5.00    14   524.95   3.51    13   449.21   1.75
I      7.00    14   405.61   0.57    13   368.04   2.05
M      9.00    10   348.73   9.69    10   330.81   4.10
I     11.00    14   310.10   2.36    13   299.14   2.13
M     13.00    13   293.63   4.23    13   279.84   3.37
M     15.00    16   274.96   2.55    15   269.08   1.60
M     17.00    17   264.53   1.34    16   259.77   1.81
M     19.00    19   252.62   1.70    19   249.16   2.53
M     21.00    21   244.75   1.71    18   245.89   0.81
M     23.00    22   242.23   1.50    20   236.25   1.29
M     25.00    25   238.02   1.79    24   235.05   1.13
M     27.00    28   236.87   1.03    27   233.39   1.43
M     29.00    27   233.01   1.89    29   233.64   1.77
M     31.00    32   230.06   1.83    31   227.42   1.62
M     33.00    34   228.56   1.33    34   228.90   1.13
M     35.00    35   228.69   1.38    34   226.54   1.59
M     37.00    35   225.25   1.46    36   225.31   1.03
M     39.00    39   224.70   0.90    41   225.04   1.31
M     41.00    39   223.58   0.90    39   223.28   0.77
M     43.05    42   222.73   0.81    43   221.31   0.83
M     45.20    52   218.94   1.08    50   219.73   0.69
M     47.46    56   216.48   0.84    53   218.89   0.89
M     49.84    57   216.79   0.63    59   215.89   0.90
M     52.33    65   213.87   0.60    67   216.86   0.86
M     54.94    69   214.13   0.58    74   215.99   0.65
M     57.69    81   213.31   0.53    80   215.06   0.75
M     60.58    89   212.93   0.59    90   213.07   0.86
M     63.60    96   212.96   0.55    95   213.21   0.60
M     66.78   114   212.52   0.57   111   212.71   0.61
M     70.12   118   211.98   0.48   115   213.24   0.69
M     73.63   134   210.92   0.42   131   211.01   0.57
M     77.31   142   210.66   0.51   138   211.04   0.52
M     81.18   163   210.27   0.48   159   211.16   0.46
M     85.24   173   209.77   0.47   168   210.23   0.38
M     89.50   201   210.45   0.37   200   209.73   0.33
M     93.97   210   209.87   0.34   206   209.36   0.35
M     98.67   237   209.76   0.33   238   209.51   0.35
M    103.60   261   209.72   0.30   258   209.68   0.31
M    108.79   282   209.27   0.34   287   208.99   0.29
M    114.22   321   209.68   0.29   319   208.42   0.26
M    119.94   347   209.35   0.26   348   208.76   0.29
M    125.93   387   209.61   0.27   392   208.68   0.26
M    132.23   418   209.40   0.25   419   208.73   0.27
M    138.84   286   208.81   0.31   252   208.44   0.32
