###  1237667444048265289 0.396 27.91 205.26329
# method  r_pixel  n1 i1_cts i1_cts_err n2 i2_cts i2_cts_err
I      3.00    12   709.43  16.39    11  1339.90  61.84
I      5.00    12   452.59  15.32    11   717.20   8.39
I      7.00    12   349.22   4.69    11   488.17   5.46
M      9.00    10   306.46   9.11    11   380.26   8.71
M     11.00    13   286.10   5.05    12   320.64   5.42
M     13.00    11   264.65   1.32    14   286.12   2.69
M     15.00    16   260.27   2.98    16   269.56   2.35
M     17.00    16   251.73   2.19    17   260.62   1.97
M     19.00    22   242.73   2.27    19   247.23   1.59
M     21.00    19   232.55   1.01    20   240.14   1.69
M     23.00    25   229.56   1.63    24   232.83   1.66
M     25.00    24   223.45   1.54    23   226.30   1.57
M     27.00    24   219.33   1.54    27   225.85   1.69
M     29.00    30   219.84   1.26    29   221.78   1.63
M     31.00    30   215.31   1.14    31   215.56   1.24
M     33.00    33   212.76   1.20    31   215.56   1.13
M     35.00    36   211.22   1.26    34   215.92   1.40
M     37.00    35   212.31   1.06    38   209.41   1.53
M     39.00    37   209.82   1.13    39   209.80   1.71
M     41.00    42   208.73   1.55    39   209.36   1.10
M     43.05    46   206.69   0.83    44   207.99   0.94
M     45.20    51   207.13   1.05    50   208.11   1.60
M     47.46    52   205.50   1.04    52   207.92   1.04
M     49.84    59   207.62   1.23    66   205.13   1.16
M     52.33    71   205.66   0.97    69   205.89   0.98
M     54.94    79   207.45   1.06    76   205.20   0.94
M     57.69    78   207.10   0.99    83   205.39   0.90
M     60.58    91   204.01   0.72    91   205.81   0.92
M     63.60   101   204.51   0.87   103   205.65   0.93
M     66.78   117   206.15   0.75   111   205.19   0.77
M     70.12   123   206.06   0.74   123   205.69   0.79
M     73.63   135   205.53   0.81   140   206.64   0.80
M     77.31   104   205.50   0.68   140   205.36   0.64
M     81.18    73   205.39   0.81   162   206.54   0.69
M     85.24    76   207.27   1.08   183   206.12   0.70
M     89.50    79   205.22   0.85   200   205.79   0.62
M     93.97    95   206.33   0.84   212   205.47   0.60
M     98.67   113   206.26   0.71   247   205.56   0.56
M    103.60   212   205.42   0.65   265   204.97   0.50
M    108.79   213   205.29   0.60   271   204.56   0.53
