###  1237667324334571840 0.396 27.978 163.00221
# method  r_pixel  n1 i1_cts i1_cts_err n2 i2_cts i2_cts_err
I      3.00    10   285.03   0.94     9   374.45   2.53
I      5.00    10   236.59   1.51     9   297.34   3.39
I      7.00    10   222.17   1.10     9   268.11   2.30
M      9.00    10   212.10   3.91    10   234.74   2.89
M     11.00    10   203.26   1.86    12   217.72   1.51
M     13.00    14   194.74   1.91    14   203.35   1.92
M     15.00    15   184.65   2.19    15   194.90   3.87
M     17.00    15   180.15   1.35    15   186.81   1.18
M     19.00    20   173.06   1.46    21   183.01   1.85
M     21.00    21   170.79   2.13    24   177.11   1.33
M     23.00    22   169.24   1.39    24   171.84   1.20
M     25.00    25   169.96   1.44    26   171.50   1.15
M     27.00    28   167.00   1.23    28   169.54   1.85
M     29.00    28   166.96   1.48    28   168.06   1.72
M     31.00    34   163.69   1.79    34   168.08   1.57
M     33.00    34   166.71   1.45    34   165.24   1.56
M     35.00    37   164.28   1.50    35   165.23   1.32
M     37.00    39   165.01   1.15    38   163.24   1.16
M     39.00    36   164.33   0.76    37   165.27   1.39
M     41.00    43   163.39   1.29    41   161.18   1.22
M     43.05    47   163.21   1.05    47   165.32   1.05
M     45.20    50   162.39   1.38    52   164.80   0.90
M     47.46    61   164.18   1.09    58   163.61   0.94
M     49.84    61   162.44   1.17    61   164.37   1.00
M     52.33    70   163.01   0.86    71   163.93   0.93
M     54.94    74   162.28   0.91    75   163.12   0.90
M     57.69    85   164.33   0.99    85   163.92   0.85
M     60.58    94   163.99   0.94    96   163.97   0.86
M     63.60   103   162.02   0.84   100   162.44   0.85
M     66.78   110   161.86   0.75   112   164.07   0.74
M     70.12   115   161.93   0.61   124   163.55   0.82
M     73.63   140   164.14   0.66   138   164.54   0.72
M     77.31   147   164.05   0.65   151   164.08   0.74
M     81.18   164   162.61   0.61   168   164.21   0.60
M     85.24   181   162.53   0.53   180   164.12   0.54
M     89.50   207   162.92   0.54   201   164.75   0.46
M     93.97   222   161.83   0.53   223   165.05   0.52
M     98.67   249   161.85   0.50   242   164.60   0.54
M    103.60   261   162.29   0.44   216   164.98   0.53
M    108.79   291   162.04   0.42   173   164.70   0.55
M    114.22   332   162.43   0.43   141   165.45   0.77
M    119.94   366   162.37   0.41    98   164.23   0.66
