###  1237667442974851236 0.396 27.935 214.66214
# method  r_pixel  n1 i1_cts i1_cts_err n2 i2_cts i2_cts_err
I      3.00    12   242.16   0.30    11   262.78   1.82
I      5.00    12   233.14   1.27    11   246.23   2.82
I      7.00    12   222.19   2.03    11   232.07   1.32
I      9.00    12   236.01   1.40    11   235.66   3.32
I     11.00    12   226.73   2.35    11   236.27   1.68
I     13.00    12   235.95   1.31    11   230.47   2.16
I     15.00    12   226.43   2.23    11   220.01   1.78
I     17.00    12   226.12   2.30    11   220.60   1.26
M     19.00    10   219.72   1.92    19   219.04   1.68
M     21.00    13   217.86   2.70    19   216.85   1.68
M     23.00    14   218.89   2.28    24   218.23   1.49
M     25.00    14   214.73   1.46    25   219.10   1.59
M     27.00    21   214.36   1.33    26   214.77   2.03
M     29.00    29   213.76   1.35    24   217.59   0.75
M     31.00    32   215.52   1.51    33   214.98   1.48
M     33.00    30   217.60   1.34    30   214.53   1.00
M     35.00    35   213.91   1.33    36   214.68   1.12
M     37.00    38   215.80   1.09    34   217.61   1.36
M     39.00    42   215.87   1.13    42   214.31   1.32
M     41.00    38   214.54   1.19    40   215.73   1.26
M     43.05    45   212.63   1.18    46   214.36   1.44
M     45.20    50   215.19   1.37    52   214.68   1.44
M     47.46    54   215.40   1.16    57   214.77   1.29
M     49.84    64   214.48   1.14    45   216.28   1.00
M     52.33    64   214.31   1.07    50   215.58   1.12
M     54.94    75   214.51   1.19    35   216.35   1.65
M     57.69    81   216.00   0.81    36   214.42   1.42
M     60.58    93   215.05   0.95    33   217.26   1.49
M     63.60    99   214.27   0.92    36   214.51   1.32
M     66.78   110   214.56   0.87    40   213.17   1.64
M     70.12   122   214.45   0.88    58   215.65   0.96
M     73.63   131   214.39   0.64    92   215.49   0.95
M     77.31   139   214.01   0.82   119   213.99   0.78
M     81.18   153   214.77   0.74   138   214.52   0.73
M     85.24   153   214.18   0.64   171   213.43   0.70
M     89.50   164   213.67   0.76   193   214.75   0.57
M     93.97   182   215.05   0.72   168   214.63   0.75
M     98.67   213   214.12   0.58   137   216.78   0.63
M    103.60   255   213.59   0.53   123   214.56   0.83
M    108.79   278   214.51   0.55   141   213.64   0.77
M    114.22   309   214.33   0.48   178   213.77   0.64
M    119.94   344   215.07   0.49   234   214.23   0.56
M    125.93   387   214.93   0.46   243   215.13   0.59
