###  1237667323797110932 0.396 27.931 168.325653
# method  r_pixel  n1 i1_cts i1_cts_err n2 i2_cts i2_cts_err
I      3.00    12   725.80   5.17    11   448.57   7.01
I      5.00    12   458.70   2.04    11   347.07   6.91
I      7.00    12   342.47   0.76    11   298.52   4.95
I      9.00    12   287.14   1.01    11   258.49   1.50
I     11.00    12   254.03   1.82    11   244.78   1.53
M     13.00    13   237.06   3.14    12   242.18   2.53
M     15.00    16   220.33   3.46    16   225.81   2.67
M     17.00    14   211.28   1.68    14   216.40   1.50
M     19.00    20   197.66   2.53    18   201.79   2.52
M     21.00    21   190.16   2.06    23   193.18   1.83
M     23.00    23   181.86   1.70    22   184.68   2.01
M     25.00    26   179.48   1.23    25   186.34   1.38
M     27.00    27   179.58   1.45    26   178.72   1.60
M     29.00    29   174.42   1.98    29   176.84   1.52
M     31.00    30   173.62   1.15    31   179.82   1.35
M     33.00    23   173.83   1.31    25   176.41   1.76
M     35.00    16   172.53   2.36    13   175.79   1.39
I     37.00    12   170.94   0.90    11   173.69   2.14
I     39.00    12   172.47   1.35    11   177.66   2.40
I     41.00    12   171.13   1.86    11   183.78   3.64
I     43.05    12   169.18   1.09    11   188.49   5.05
I     45.20    12   170.06   0.88    11   193.96  10.42
I     47.46    12   168.73   1.15    11   195.30  13.42
I     49.84    12   171.33   2.63    11   190.13   9.62
I     52.33    12   168.52   1.10    11   184.74   5.06
I     54.94    12   165.44   1.52    11   176.24   1.46
I     57.69    12   170.35   1.12    11   174.37   1.50
I     60.58    12   170.19   1.96    11   173.27   0.98
M     63.60    90   167.92   0.93    32   170.47   1.33
M     66.78   103   168.00   0.68    97   170.69   0.89
M     70.12   117   167.76   0.64    76   169.72   1.01
M     73.63   129   168.65   0.61    71   169.22   1.04
M     77.31   145   169.10   0.68    85   168.35   0.95
M     81.18   163   168.73   0.64    96   169.94   0.83
M     85.24   176   167.66   0.57   136   168.92   0.65
M     89.50   194   167.89   0.54   194   168.52   0.59
M     93.97   221   168.57   0.51   218   168.46   0.55
M     98.67   235   167.65   0.53   235   169.28   0.61
M    103.60   268   168.18   0.46   208   168.85   0.57
