###  1237667322723631315 0.396 27.952 173.64038
# method  r_pixel  n1 i1_cts i1_cts_err n2 i2_cts i2_cts_err
I      3.00    10   218.93   2.09     9   249.50   1.82
I      5.00    10   204.91   4.64     9   221.70   1.78
I      7.00    10   193.96   1.80     9   204.54   2.14
I      9.00    10   192.10   2.05     9   191.28   2.83
M     11.00    10   186.48   1.73    10   186.35   1.15
M     13.00    15   182.41   1.88    13   182.75   1.68
M     15.00    12   179.43   0.70    15   181.35   1.88
M     17.00    16   179.63   0.91    16   183.77   1.37
M     19.00    19   179.36   1.12    18   182.54   1.00
M     21.00    22   177.80   1.43    14   178.64   1.30
I     23.00    10   180.23   2.73     9   180.06   2.44
I     25.00    10   178.14   2.09     9   176.97   3.02
I     27.00    10   175.23   1.94     9   181.20   2.38
I     29.00    10   175.53   1.65     9   179.29   3.84
I     31.00    10   174.48   3.37     9   182.38   6.03
I     33.00    10   175.84   1.87     9   185.34   9.11
I     35.00    10   174.76   2.09     9   187.77  15.30
I     37.00    10   173.21   2.60     9   183.96  15.86
I     39.00    10   173.80   2.24     9   185.36  13.92
I     41.00    10   174.64   1.96     9   182.16  10.60
I     43.05    10   170.64   1.72     9   177.28   8.65
M     45.20    49   173.72   0.87    11   174.33   1.28
M     47.46    54   172.61   0.91    16   173.44   1.52
M     49.84    62   174.01   0.93    20   176.24   1.77
M     52.33    65   173.54   0.91    30   174.69   1.22
M     54.94    75   174.79   0.70    59   174.60   0.87
M     57.69    85   173.70   0.66    82   173.90   0.54
M     60.58    93   174.18   0.82    88   172.97   0.59
M     63.60    99   173.07   0.61    90   174.45   0.77
M     66.78   115   173.48   0.68    75   173.20   0.77
M     70.12   124   173.62   0.60    59   173.29   0.71
M     73.63   126   173.17   0.49    58   173.07   1.20
M     77.31   146   174.80   0.55    52   175.22   0.93
M     81.18   166   173.90   0.52    64   174.50   0.76
M     85.24   182   172.66   0.54    74   174.97   0.85
M     89.50   187   172.86   0.45    89   172.49   0.58
M     93.97   166   173.38   0.61   136   173.10   0.58
M     98.67   146   172.63   0.60   155   172.98   0.59
M    103.60   151   173.86   0.59   219   173.75   0.49
M    108.79   214   173.26   0.50   290   173.51   0.39
M    114.22   303   173.58   0.39   323   173.22   0.37
M    119.94   359   173.49   0.38   366   173.74   0.41
M    125.93   403   173.99   0.36   394   174.11   0.34
M    132.23   434   173.25   0.32   356   173.47   0.36
M    138.84   484   173.69   0.33   335   173.99   0.36
M    145.78   535   173.34   0.31   445   173.44   0.35
M    153.07   593   174.22   0.30   586   173.90   0.28
M    160.73   645   173.66   0.29   596   173.70   0.30
