###  1237667444585726015 0.396 27.956 208.94788
# method  r_pixel  n1 i1_cts i1_cts_err n2 i2_cts i2_cts_err
I      3.00    10   481.79   3.25     9   612.36  13.31
I      5.00    10   333.01   2.37     9   383.52   3.23
I      7.00    10   291.61   3.08     9   311.93   1.80
I      9.00    10   266.85   3.75     9   279.30   4.08
M     11.00    11   255.12   1.92    12   260.99   2.87
M     13.00    12   252.02   1.82    14   251.45   2.41
M     15.00    15   237.89   1.10    16   240.82   2.34
M     17.00    16   235.57   2.35    17   237.04   1.76
M     19.00    19   230.39   1.59    18   230.08   1.96
M     21.00    22   230.69   1.91    23   233.52   1.41
M     23.00    22   224.52   1.88    20   225.01   1.34
M     25.00    27   225.67   1.77    24   221.41   1.04
M     27.00    25   226.21   1.23    28   222.06   2.03
M     29.00    28   220.44   1.39    29   223.62   1.70
M     31.00    33   222.40   1.75    33   223.57   1.76
M     33.00    32   220.06   1.22    32   222.58   1.94
M     35.00    35   219.44   1.04    38   221.52   1.49
M     37.00    36   218.25   1.30    33   218.99   1.06
M     39.00    41   215.64   1.12    41   216.41   1.18
M     41.00    41   218.30   1.28    44   216.84   1.30
M     43.05    47   215.18   1.21    47   215.48   1.57
M     45.20    50   212.87   0.93    50   215.14   0.86
M     47.46    56   213.03   1.16    57   213.05   1.22
M     49.84    63   212.80   0.99    66   213.17   1.12
M     52.33    65   211.04   0.85    66   212.90   0.97
M     54.94    75   212.87   0.67    76   212.07   0.76
M     57.69    84   212.18   0.73    85   210.88   0.92
M     60.58    86   210.89   0.72    90   210.97   0.75
M     63.60   103   209.90   0.90    99   209.68   0.74
M     66.78   113   210.62   0.82   112   209.75   0.75
M     70.12   124   210.69   0.64   126   210.55   0.80
M     73.63   132   208.50   0.60   136   209.68   0.61
M     77.31   147   209.91   0.59   148   210.10   0.74
M     81.18   163   210.51   0.60   163   210.74   0.61
M     85.24   185   209.82   0.64   181   208.74   0.52
M     89.50   201   210.00   0.58   196   209.26   0.56
M     93.97   226   209.17   0.56   224   209.43   0.47
M     98.67   243   208.35   0.48   244   209.82   0.53
M    103.60   273   209.33   0.49   267   210.48   0.44
M    108.79   296   208.44   0.47   278   210.45   0.48
M    114.22   326   208.30   0.50   244   209.50   0.46
M    119.94   360   209.31   0.41   237   209.67   0.51
M    125.93   397   208.97   0.38   293   210.99   0.49
M    132.23   435   209.72   0.40   400   210.63   0.39
M    138.84   460   208.64   0.41   365   210.72   0.42
