###  1237667444585595093 0.396 27.956 207.06204
# method  r_pixel  n1 i1_cts i1_cts_err n2 i2_cts i2_cts_err
I      3.00    14  2157.03  35.42    13  2599.21  38.55
I      5.00    14  1173.38  24.25    13  1428.43  18.36
I      7.00    14   759.49  10.25    13   870.13   8.84
I      9.00    14   569.32   4.38    13   634.24   8.30
M     11.00    13   491.70  10.25    11   517.67   7.70
M     13.00    13   438.17   4.36    13   462.86   5.46
M     15.00    14   413.56   4.19    13   424.36   3.78
M     17.00    17   394.01   3.43    15   412.40   2.43
M     19.00    18   375.92   3.56    20   385.74   3.10
M     21.00    19   360.53   1.25    20   370.80   1.33
M     23.00    24   347.04   3.78    24   358.79   2.22
M     25.00    26   332.48   2.02    23   342.43   1.65
M     27.00    27   315.71   1.98    27   323.15   2.38
M     29.00    29   298.40   1.78    29   305.17   2.68
M     31.00    30   287.42   1.34    30   293.36   1.65
M     33.00    34   276.76   1.45    30   279.63   1.32
M     35.00    32   270.52   1.44    32   271.50   1.13
M     37.00    36   261.36   1.77    39   264.49   1.71
M     39.00    38   255.80   0.92    38   257.30   1.35
M     41.00    40   251.21   0.97    41   250.23   1.45
M     43.05    41   245.22   1.27    44   245.23   1.07
M     45.20    50   240.76   1.17    44   239.46   1.15
M     47.46    56   235.32   1.23    53   234.78   0.92
M     49.84    61   228.35   0.74    64   231.10   0.99
M     52.33    65   226.31   0.87    65   226.83   1.06
M     54.94    76   222.73   0.81    75   222.20   0.94
M     57.69    74   221.42   0.78    78   220.09   0.78
M     60.58    88   216.83   0.61    89   217.18   0.87
M     63.60    97   217.35   0.76    97   216.02   0.76
M     66.78   106   214.18   0.59   107   215.03   0.62
M     70.12   115   213.95   0.53   116   213.71   0.62
M     73.63   131   212.43   0.52   134   212.84   0.65
M     77.31   141   210.73   0.45   141   211.54   0.56
M     81.18   157   210.47   0.46   162   210.51   0.57
M     85.24   176   210.21   0.46   165   210.11   0.48
M     89.50   189   209.45   0.44   155   209.11   0.57
M     93.97   183   209.09   0.46   138   209.05   0.61
M     98.67   155   208.22   0.45   157   207.69   0.52
M    103.60   169   207.74   0.39   191   207.36   0.43
M    108.79   195   207.55   0.41   256   207.58   0.44
M    114.22   265   207.20   0.34   311   208.12   0.36
M    119.94   343   207.32   0.32   343   207.03   0.37
M    125.93   380   207.39   0.27   382   206.72   0.37
M    132.23   411   207.26   0.26   420   207.36   0.35
M    138.84   460   207.68   0.24   466   207.15   0.31
M    145.78   492   207.20   0.24   509   206.79   0.33
M    153.07   455   206.89   0.27   558   206.59   0.28
M    160.73   472   207.14   0.29   628   206.90   0.29
M    168.76   638   206.71   0.22   585   206.60   0.28
M    177.20   755   207.09   0.21   584   206.70   0.25
M    186.06   843   206.98   0.20   594   206.70   0.29
M    195.36   858   207.15   0.17   794   207.06   0.23
M    205.13   826   207.02   0.19  1001   206.33   0.21
M    215.39   742   207.04   0.20  1124   206.67   0.20
M    226.16   982   207.10   0.16  1051   206.98   0.21
