###  1237667444048724118 0.396 27.91 210.53545
# method  r_pixel  n1 i1_cts i1_cts_err n2 i2_cts i2_cts_err
I      3.00    14   765.64  10.34    13  1629.16  64.09
I      5.00    14   477.48   1.68    13   748.57  23.51
I      7.00    14   360.06   4.84    13   444.16  12.46
I      9.00    14   313.90   3.40    13   345.43   6.05
M     11.00    12   296.00   2.17    13   302.78   5.58
M     13.00    14   285.80   2.85    13   286.40   2.78
M     15.00    12   277.25   1.63    14   276.30   2.36
M     17.00    16   267.55   1.88    17   273.07   2.75
M     19.00    19   255.39   1.73    21   263.95   2.33
M     21.00    23   246.13   2.36    21   252.38   1.92
M     23.00    22   238.41   2.01    22   249.18   2.28
M     25.00    24   233.71   2.18    25   244.19   1.64
M     27.00    25   229.12   2.14    27   237.24   2.30
M     29.00    30   225.48   1.60    27   232.75   1.09
M     31.00    33   219.98   1.42    29   227.17   1.63
M     33.00    31   220.36   1.35    34   219.07   1.29
M     35.00    34   217.92   1.18    36   219.59   1.36
M     37.00    37   217.29   1.34    37   216.92   1.55
M     39.00    39   215.09   1.51    36   212.89   1.26
M     41.00    37   214.08   0.83    43   216.04   1.73
M     43.05    42   210.13   0.97    44   210.67   1.61
M     45.20    52   212.51   1.22    50   212.54   1.24
M     47.46    53   212.16   1.21    54   211.92   1.28
M     49.84    62   212.32   1.04    63   212.66   0.95
M     52.33    65   212.40   0.95    65   213.33   1.09
M     54.94    76   210.52   1.10    76   210.86   0.94
M     57.69    82   211.37   1.02    77   210.86   1.07
M     60.58    90   210.77   0.92    88   212.37   0.94
M     63.60    99   210.83   0.81    76   210.51   1.01
M     66.78   110   209.93   1.02    66   211.25   1.16
M     70.12   113   210.78   0.77    69   210.26   1.06
M     73.63   137   211.29   0.71    83   211.03   0.97
M     77.31   144   212.04   0.68    90   211.85   0.86
M     81.18   161   210.95   0.70   107   211.59   0.79
M     85.24   181   210.96   0.69   164   211.37   0.64
M     89.50   194   210.32   0.67   190   210.38   0.64
M     93.97   191   210.87   0.62   223   211.27   0.67
