###  1237667444048265310 0.396 27.91 206.29977
# method  r_pixel  n1 i1_cts i1_cts_err n2 i2_cts i2_cts_err
I      3.00    12   516.06   6.21    11   513.50   7.75
I      5.00    12   429.32   8.00    11   434.78   1.25
I      7.00    12   368.12   5.46    11   372.65   2.78
I      9.00    12   358.02   3.36    11   352.94   2.28
I     11.00    12   323.04   1.30    11   331.32   1.69
M     13.00    12   307.81   1.45    14   307.44   2.20
M     15.00    15   288.74   3.56    14   291.35   2.85
M     17.00    18   273.57   3.26    15   275.90   1.95
M     19.00    20   262.78   2.95    20   268.71   1.97
M     21.00    20   253.77   1.96    20   255.96   2.10
M     23.00    24   244.72   2.43    19   245.06   1.30
M     25.00    29   240.27   1.28    26   241.71   1.85
M     27.00    27   242.09   2.17    27   240.29   1.81
M     29.00    29   231.47   1.40    31   234.44   2.26
M     31.00    32   224.33   1.45    32   226.65   1.67
M     33.00    31   223.62   1.69    35   221.34   1.70
M     35.00    37   219.40   1.65    31   222.85   0.90
M     37.00    37   219.64   1.24    40   221.32   2.18
M     39.00    40   215.86   1.19    41   219.35   1.37
M     41.00    41   211.62   1.08    40   217.20   1.39
M     43.05    47   213.49   1.19    43   215.01   0.86
M     45.20    49   210.28   0.99    51   209.89   1.23
M     47.46    56   211.67   1.26    55   211.71   1.10
M     49.84    62   212.41   1.28    60   210.32   1.21
M     52.33    66   210.65   1.32    68   211.34   0.91
M     54.94    72   210.56   1.11    75   208.62   1.02
M     57.69    86   209.37   0.88    83   208.24   0.90
M     60.58    93   207.85   1.04    94   209.47   0.97
M     63.60    99   208.60   0.95    99   207.50   0.76
M     66.78   114   207.35   1.00   110   207.13   0.90
M     70.12   125   208.21   0.79   121   208.60   0.80
M     73.63   135   208.60   0.70   136   207.51   0.81
M     77.31   147   208.04   0.73   144   206.03   0.68
M     81.18   164   205.63   0.64   163   206.63   0.64
M     85.24   178   205.81   0.52   182   206.80   0.60
M     89.50   196   207.23   0.58   199   206.48   0.58
M     93.97   212   206.89   0.56   216   206.49   0.56
M     98.67   243   206.16   0.56   239   206.01   0.53
M    103.60   266   206.09   0.54   263   206.76   0.54
M    108.79   297   206.40   0.51   296   206.47   0.51
M    114.22   321   206.00   0.49   326   206.10   0.49
M    119.94   358   206.06   0.50   357   205.66   0.50
M    125.93   397   206.27   0.50   398   205.90   0.44
M    132.23   436   206.45   0.39   437   206.84   0.39
M    138.84   473   206.20   0.38   466   206.48   0.41
M    145.78   515   205.67   0.39   528   206.13   0.38
M    153.07   503   206.47   0.37   588   206.43   0.41
M    160.73   577   206.70   0.37   644   205.58   0.39
