###  1237667444048658529 0.396 27.91 212.66862
# method  r_pixel  n1 i1_cts i1_cts_err n2 i2_cts i2_cts_err
I      3.00    16   606.24   6.05    15  1339.41  20.66
I      5.00    16   436.97   1.76    15   667.05   6.26
I      7.00    16   368.63   1.37    15   440.47   4.06
M      9.00    10   315.83   6.31    10   363.58  14.58
M     11.00    11   292.15   3.45    10   321.11   6.40
M     13.00    12   279.23   3.49    12   297.71   2.61
M     15.00    17   264.02   1.57    16   278.13   3.84
M     17.00    15   253.16   2.05    15   273.08   2.01
M     19.00    16   251.48   1.90    19   259.42   2.05
M     21.00    21   243.74   2.07    21   253.99   2.24
M     23.00    21   238.71   1.76    25   246.32   1.98
M     25.00    24   232.88   2.26    23   240.91   1.67
M     27.00    26   234.17   1.50    27   233.39   1.55
M     29.00    32   227.14   2.52    26   231.83   1.48
M     31.00    29   226.60   1.39    30   227.98   1.50
M     33.00    31   220.96   1.71    33   229.93   1.77
M     35.00    37   218.46   1.41    37   222.37   1.46
M     37.00    37   220.65   1.63    36   222.07   1.34
M     39.00    36   217.10   1.47    36   219.23   1.27
M     41.00    40   214.66   1.37    42   218.35   1.46
M     43.05    43   214.63   0.97    45   217.91   1.15
M     45.20    53   213.80   1.62    49   216.45   1.51
M     47.46    50   211.27   0.91    55   217.07   1.13
M     49.84    58   214.04   1.01    56   215.75   1.10
M     52.33    63   211.56   1.18    68   216.05   0.76
M     54.94    74   212.20   1.17    67   216.52   1.00
M     57.69    81   212.63   0.84    82   214.37   0.83
M     60.58    86   210.15   1.03    90   214.96   1.06
M     63.60    97   212.00   1.02    94   212.77   0.91
M     66.78   109   210.93   0.84   108   214.38   0.78
M     70.12   116   211.85   0.75   117   215.06   0.76
M     73.63   132   210.84   0.76   127   214.07   0.67
M     77.31   144   211.09   0.79   151   214.40   0.77
M     81.18   155   212.12   0.76   154   213.33   0.66
