###  1237667324334833870 0.396 27.978 163.52374
# method  r_pixel  n1 i1_cts i1_cts_err n2 i2_cts i2_cts_err
I      3.00    18   461.80   5.11    17   919.36  10.33
I      5.00    18   376.19   1.14    17   530.39   7.76
I      7.00    18   328.02   0.72    17   403.44   5.32
I      9.00    18   300.42   3.91    17   352.30   3.35
M     11.00    10   290.31   2.89    11   314.53   5.34
M     13.00    13   270.08   3.25    12   289.09   5.11
M     15.00    14   261.88   2.62    14   272.98   3.51
M     17.00    15   247.98   2.36    18   260.35   2.63
M     19.00    19   240.60   2.39    15   254.95   2.02
M     21.00    22   231.81   2.51    21   238.29   2.85
M     23.00    23   225.10   2.44    22   229.56   2.08
M     25.00    22   217.66   2.51    26   223.03   1.66
M     27.00    24   209.65   1.20    24   218.41   2.00
M     29.00    28   205.13   1.11    28   210.33   1.48
M     31.00    31   200.38   1.41    28   205.27   1.85
M     33.00    29   195.42   1.82    32   200.18   1.61
M     35.00    30   194.56   1.20    32   200.08   1.39
M     37.00    34   187.76   1.35    34   193.09   1.12
M     39.00    42   187.32   1.21    36   190.90   1.52
M     41.00    38   182.82   1.70    39   188.36   1.46
M     43.05    44   180.55   1.18    49   185.48   1.40
M     45.20    50   178.12   1.11    46   180.87   1.15
M     47.46    51   175.47   1.19    53   178.45   1.17
M     49.84    59   172.57   1.28    54   176.85   0.98
M     52.33    66   171.29   1.21    65   172.62   0.89
M     54.94    72   168.83   1.08    75   171.49   1.05
M     57.69    79   169.87   0.88    70   171.39   0.78
M     60.58    83   168.74   0.86    90   168.87   0.96
M     63.60    94   165.52   0.88    96   167.16   0.80
M     66.78   107   166.20   0.69   107   167.52   0.88
M     70.12   114   165.09   0.73   104   165.81   0.70
M     73.63   127   163.95   0.70   130   165.80   0.63
M     77.31   140   164.08   0.66   140   164.10   0.83
M     81.18   153   165.49   0.69   160   164.84   0.72
M     85.24   163   165.01   0.51   162   163.78   0.51
M     89.50   187   163.54   0.62   184   162.84   0.58
M     93.97   208   164.50   0.59   212   162.83   0.58
M     98.67   223   163.76   0.44   227   163.91   0.61
M    103.60   254   163.04   0.45   251   164.77   0.49
M    108.79   282   163.35   0.50   274   163.93   0.47
M    114.22   295   163.42   0.46   310   162.79   0.52
M    119.94   341   163.29   0.39   331   162.99   0.50
M    125.93   365   163.74   0.41   372   163.54   0.44
M    132.23   419   163.62   0.41   413   163.70   0.42
M    138.84   431   163.38   0.38   455   163.27   0.40
M    145.78   351   163.43   0.42   489   163.11   0.38
M    153.07   321   163.48   0.47   538   163.67   0.34
M    160.73   400   163.21   0.39   529   163.19   0.31
M    168.76   603   162.88   0.32   576   163.41   0.33
M    177.20   708   163.41   0.32   693   163.73   0.30
