###  1237667323797110918 0.396 27.931 168.859894
# method  r_pixel  n1 i1_cts i1_cts_err n2 i2_cts i2_cts_err
I      3.00    16   507.31   3.53    15  1006.51  15.15
I      5.00    16   381.47   1.53    15   529.84   3.60
I      7.00    16   334.44   1.08    15   380.26   5.11
I      9.00    16   306.75   1.86    15   326.95   6.11
M     11.00    10   255.23   3.35    10   285.07   5.74
M     13.00    11   222.60   1.90    10   248.71   7.34
M     15.00    15   197.01   2.76    16   222.66   4.39
M     17.00    18   184.97   1.93    17   202.34   3.20
M     19.00    15   181.08   1.95    18   186.88   1.92
M     21.00    22   180.85   2.01    20   180.36   1.54
M     23.00    21   172.99   1.51    21   174.92   1.92
M     25.00    25   172.80   1.26    20   171.02   1.26
M     27.00    24   171.50   1.15    29   172.79   1.98
M     29.00    27   168.64   1.21    28   167.75   1.54
M     31.00    28   168.23   1.31    29   168.72   1.40
M     33.00    35   171.51   1.59    34   168.36   1.61
M     35.00    35   172.77   1.80    30   170.86   0.92
M     37.00    38   168.59   1.63    38   169.35   1.22
M     39.00    39   167.55   1.61    40   168.34   1.39
M     41.00    33   169.15   0.77    42   170.63   1.16
M     43.05    40   168.79   0.79    45   169.66   1.12
M     45.20    48   166.96   1.09    44   170.24   1.52
M     47.46    56   169.57   1.26    41   167.92   1.18
M     49.84    61   168.35   1.04    43   169.80   1.24
M     52.33    63   168.39   1.27    54   168.91   1.03
M     54.94    70   167.76   0.98    64   168.00   1.02
M     57.69    83   168.82   0.76    75   168.70   0.94
