###  1237667444048658523 0.396 27.91 209.17696
# method  r_pixel  n1 i1_cts i1_cts_err n2 i2_cts i2_cts_err
I      3.00    12   915.01   4.83    11  3252.75  90.19
I      5.00    12   689.17   2.37    11  1317.92  10.06
I      7.00    12   555.27   3.62    11   821.36   3.66
I      9.00    12   479.92   1.99    11   622.08   2.87
M     11.00    11   420.45   5.83    11   504.61   7.42
M     13.00    10   380.39   2.52    11   442.04   4.54
M     15.00    16   348.94   3.32    15   406.79   4.70
M     17.00    17   325.36   2.51    16   366.44   3.89
M     19.00    20   305.64   3.19    17   342.76   3.19
M     21.00    22   291.61   2.29    23   315.02   2.44
M     23.00    24   276.53   1.73    23   299.71   2.24
M     25.00    26   268.16   1.16    26   283.51   2.56
M     27.00    27   258.42   1.42    26   270.53   1.65
M     29.00    30   248.35   1.36    30   259.55   1.79
M     31.00    30   243.27   1.60    33   249.71   1.55
M     33.00    31   237.46   1.07    31   243.46   1.75
M     35.00    36   234.65   0.98    34   241.10   1.80
M     37.00    36   230.84   0.90    38   234.72   1.11
M     39.00    39   226.08   0.84    39   229.91   1.17
M     41.00    41   226.03   0.91    41   228.95   1.27
M     43.05    43   223.55   0.95    45   224.08   0.93
M     45.20    47   222.70   1.05    49   224.38   1.26
M     47.46    55   219.39   0.96    53   221.17   0.98
M     49.84    64   219.72   0.83    60   218.80   1.10
M     52.33    68   219.74   0.92    68   215.29   0.95
M     54.94    73   217.16   0.79    72   214.53   0.97
M     57.69    80   214.68   0.54    82   214.75   0.95
M     60.58    85   214.82   0.60    89   212.76   0.79
M     63.60   103   212.35   0.63    99   213.12   0.69
M     66.78   109   211.88   0.61   113   212.90   0.80
M     70.12   111   211.45   0.50   120   211.09   0.71
M     73.63   132   210.56   0.58   132   211.01   0.56
M     77.31   135   210.30   0.48   145   209.63   0.56
M     81.18   165   209.82   0.46   160   210.31   0.48
M     85.24   174   209.37   0.44   178   210.18   0.59
M     89.50   204   209.00   0.47   200   209.71   0.59
M     93.97   214   208.85   0.45   214   209.37   0.58
M     98.67   241   208.60   0.37   245   208.79   0.48
M    103.60   265   208.13   0.40   259   209.77   0.45
M    108.79   283   208.29   0.30   291   208.98   0.45
M    114.22   329   207.93   0.30   323   209.40   0.40
M    119.94   348   208.04   0.33   314   209.87   0.48
M    125.93   387   207.32   0.28   318   209.36   0.54
M    132.23   378   207.45   0.31   349   208.83   0.46
