###  1237667444048396291 0.396 27.91 205.75609
# method  r_pixel  n1 i1_cts i1_cts_err n2 i2_cts i2_cts_err
I      3.00    10  1242.53  17.39     9  3077.33 113.00
I      5.00    10   731.43   4.86     9  1321.58  22.12
I      7.00    10   518.35   5.86     9   738.31   3.46
I      9.00    10   412.03   6.20     9   526.58   4.92
M     11.00    10   362.85   9.51    10   410.41  10.13
M     13.00    12   321.74   2.35    12   352.34   4.91
M     15.00    16   290.03   3.29    14   318.98   2.53
M     17.00    18   275.85   1.93    19   290.54   4.18
M     19.00    20   265.34   3.23    18   272.58   0.89
M     21.00    19   258.34   0.72    21   268.25   1.50
M     23.00    21   250.12   1.50    21   255.39   1.92
M     25.00    25   246.41   2.51    26   253.07   2.10
M     27.00    30   245.93   1.49    26   244.91   1.60
M     29.00    31   239.68   1.81    26   242.61   1.11
M     31.00    32   238.06   1.78    34   243.16   1.94
M     33.00    33   233.14   1.96    34   237.22   1.29
M     35.00    32   232.92   1.22    36   237.79   1.78
M     37.00    38   233.03   1.32    38   233.56   1.53
M     39.00    38   230.29   1.53    42   234.03   1.45
M     41.00    44   229.37   1.42    39   229.03   1.51
M     43.05    45   226.54   1.40    50   227.58   1.24
M     45.20    56   226.08   1.17    53   227.71   1.12
M     47.46    59   222.13   0.98    55   225.45   1.52
M     49.84    55   220.35   1.02    58   223.39   1.48
M     52.33    74   217.47   1.09    75   219.29   1.09
M     54.94    76   214.53   1.01    78   216.52   1.07
M     57.69    80   213.36   0.84    75   216.11   0.80
M     60.58    91   213.18   0.92    92   214.36   1.11
M     63.60    99   211.25   0.82   106   211.74   0.92
M     66.78   116   209.04   0.82   114   210.03   0.94
M     70.12   121   209.52   0.74   119   210.18   0.75
M     73.63   136   208.47   0.70   136   208.71   0.65
M     77.31   145   208.50   0.78   149   208.82   0.67
M     81.18   165   207.87   0.68   163   206.54   0.64
M     85.24   190   207.35   0.64   183   207.85   0.60
M     89.50   204   206.21   0.66   195   205.64   0.54
M     93.97   198   206.52   0.67   223   205.93   0.59
M     98.67   161   207.65   0.74   236   206.14   0.57
M    103.60   141   206.47   0.74   271   206.08   0.53
M    108.79   171   206.58   0.67   310   205.05   0.54
M    114.22   249   206.36   0.60   323   205.06   0.52
M    119.94   318   205.79   0.49   365   205.19   0.46
M    125.93   401   205.64   0.47   393   206.41   0.38
M    132.23   446   205.59   0.45   444   206.13   0.39
M    138.84   238   205.34   0.61   371   205.81   0.46
