###  1237665440442351734 0.396 27.839 174.9399
# method  r_pixel  n1 i1_cts i1_cts_err n2 i2_cts i2_cts_err
I      3.00    14   406.96   7.37    13   352.28   2.39
I      5.00    14   315.21   4.93    13   276.29   1.63
I      7.00    14   260.10   2.97    13   240.04   0.68
I      9.00    14   234.92   1.66    13   229.39   1.47
M     11.00    12   226.95   1.44    11   225.66   3.41
M     13.00    14   230.48   2.84    11   230.30   1.52
M     15.00    15   228.40   2.91    14   226.23   2.02
M     17.00    18   223.49   2.81    17   219.77   2.12
M     19.00    17   219.63   2.43    18   220.36   2.22
M     21.00    21   214.13   2.47    23   211.85   1.31
M     23.00    23   209.72   2.49    22   201.79   2.68
M     25.00    23   198.97   1.57    26   199.45   1.73
M     27.00    26   194.44   1.97    29   194.03   1.52
M     29.00    27   190.21   1.93    27   188.64   1.93
M     31.00    30   186.72   1.49    33   184.04   2.29
M     33.00    32   182.13   2.22    33   184.26   1.64
M     35.00    37   180.52   1.75    38   181.04   1.53
M     37.00    34   180.78   1.40    38   179.65   1.63
M     39.00    39   179.18   1.41    38   178.81   1.63
M     41.00    40   180.03   1.49    42   177.50   1.55
M     43.05    45   177.23   1.22    45   176.52   1.31
M     45.20    52   177.35   1.13    48   176.66   0.91
M     47.46    54   173.61   1.20    57   177.95   1.16
M     49.84    58   176.34   1.07    62   175.28   1.04
M     52.33    71   175.47   0.97    66   176.33   1.24
M     54.94    69   178.57   1.51    78   176.67   0.99
M     57.69    85   178.00   1.09    80   173.96   1.33
M     60.58    92   175.16   1.11    90   174.36   1.12
M     63.60    97   176.45   0.89    96   174.97   0.90
M     66.78   108   175.26   0.79   109   175.05   0.78
M     70.12   128   175.40   0.94   119   175.32   0.81
M     73.63   133   174.53   0.82   127   175.00   0.78
M     77.31   149   174.89   0.72   145   176.41   0.78
M     81.18   166   175.59   0.78   163   174.68   0.74
M     85.24   175   174.56   0.66   177   174.81   0.66
M     89.50   193   174.68   0.63   195   175.19   0.67
M     93.97   212   175.06   0.65   221   175.53   0.68
M     98.67   234   174.40   0.62   240   176.13   0.65
M    103.60   261   174.57   0.54   261   174.98   0.54
M    108.79   291   174.33   0.55   259   174.85   0.58
M    114.22   317   175.32   0.56   197   176.09   0.72
M    119.94   354   175.28   0.47   220   176.68   0.70
M    125.93   388   175.06   0.45   253   175.58   0.57
M    132.23   430   175.54   0.45   318   175.88   0.53
