###  1237667323260764326 0.396 27.989 169.11026
# method  r_pixel  n1 i1_cts i1_cts_err n2 i2_cts i2_cts_err
I      3.00    16   576.77  11.42    15   861.50  21.59
I      5.00    16   414.45   4.43    15   506.53   6.36
I      7.00    16   348.90   5.32    15   413.72   3.23
I      9.00    16   316.09   3.47    15   355.59   1.54
M     11.00    12   298.46   4.31    12   319.38   4.11
M     13.00    12   284.58   4.11    12   304.80   5.56
M     15.00    16   289.56   7.44    16   302.35   7.60
M     17.00    16   277.30   7.75    16   294.31   8.83
M     19.00    18   260.67   4.82    20   282.87   6.24
M     21.00    21   243.89   5.01    21   257.91   4.59
M     23.00    24   227.20   3.79    23   238.86   2.46
M     25.00    21   215.74   1.76    23   224.71   1.16
M     27.00    29   208.08   1.73    29   216.14   1.62
M     29.00    26   197.22   1.22    25   206.57   1.24
M     31.00    31   197.44   1.67    31   200.32   1.45
M     33.00    33   191.12   1.62    34   194.25   1.59
M     35.00    36   188.90   1.45    36   191.05   1.34
M     37.00    37   185.79   1.22    36   188.56   0.83
M     39.00    39   185.07   0.99    38   184.51   1.21
M     41.00    38   179.93   1.51    38   181.76   1.51
M     43.05    43   179.78   1.23    41   181.69   0.78
M     45.20    50   178.87   1.14    48   177.88   1.07
M     47.46    56   176.83   0.91    57   177.58   0.99
M     49.84    60   175.58   1.20    53   174.97   0.94
M     52.33    65   175.63   0.84    50   175.86   1.31
M     54.94    74   173.63   0.79    56   173.58   1.08
M     57.69    78   172.87   0.84    64   171.61   1.09
M     60.58    91   171.99   0.85    79   171.17   0.84
M     63.60    96   170.23   0.63    97   171.93   0.94
M     66.78   109   171.55   0.77   104   170.54   0.61
M     70.12   115   169.81   0.69   113   170.66   0.58
M     73.63   116   170.62   0.58   135   171.46   0.75
M     77.31   100   170.38   0.62   109   170.55   0.71
M     81.18   115   169.33   0.75    99   169.30   0.62
M     85.24   126   169.82   0.61   109   168.32   0.71
M     89.50   148   170.54   0.61   128   169.16   0.77
M     93.97   192   169.89   0.58   183   169.30   0.55
M     98.67   231   170.34   0.57   231   169.30   0.57
M    103.60   257   170.32   0.50   256   168.92   0.50
M    108.79   290   169.75   0.47   289   168.77   0.44
M    114.22   311   169.48   0.42   312   169.30   0.49
M    119.94   349   169.39   0.40   347   169.18   0.43
M    125.93   381   169.02   0.38   381   169.19   0.38
M    132.23   419   168.18   0.36   410   168.73   0.37
M    138.84   465   169.26   0.35   471   169.29   0.37
M    145.78   512   168.69   0.33   507   169.48   0.36
M    153.07   494   169.30   0.34   560   168.53   0.31
