###  1237667323797504020 0.396 27.932 159.99353
# method  r_pixel  n1 i1_cts i1_cts_err n2 i2_cts i2_cts_err
I      3.00    14   841.92   5.17    13  1979.22   6.96
I      5.00    14   441.03   3.00    13   817.32   7.54
I      7.00    14   303.66   1.26    13   453.13   4.45
I      9.00    14   238.92   2.45    13   303.15   2.19
M     11.00    10   211.87   3.58    11   244.69   4.15
M     13.00    12   197.31   1.45    13   212.77   3.49
M     15.00    14   193.98   1.85    16   199.39   3.45
M     17.00    16   189.10   2.36    18   194.40   1.93
M     19.00    18   187.31   1.33    18   190.45   2.23
M     21.00    22   181.57   1.74    21   188.36   1.51
M     23.00    20   173.38   1.54    24   180.42   1.92
M     25.00    26   171.06   1.73    26   175.77   1.60
M     27.00    27   166.81   1.69    28   167.46   1.78
M     29.00    30   163.54   1.03    27   165.21   1.33
M     31.00    30   163.58   1.15    27   162.80   1.09
M     33.00    35   165.56   1.06    32   164.65   1.22
M     35.00    35   163.68   1.27    35   162.72   1.48
M     37.00    37   161.48   1.34    39   164.33   1.61
M     39.00    39   161.09   1.21    37   162.57   1.03
M     41.00    23   160.74   1.70    41   162.25   1.27
M     43.05    10   158.39   2.78    48   162.57   1.09
M     45.20    12   158.91   1.27    48   161.23   0.82
M     47.46    13   160.80   1.74    54   161.61   0.94
M     49.84    15   158.16   1.62    64   160.29   0.87
M     52.33    18   158.99   1.78    66   159.63   1.16
M     54.94    23   159.28   1.44    70   160.35   0.82
M     57.69    27   161.53   1.21    82   161.14   0.70
M     60.58    26   160.31   1.72    81   160.07   0.98
