###  1237665427552993436 0.396 27.836 159.27354
# method  r_pixel  n1 i1_cts i1_cts_err n2 i2_cts i2_cts_err
I      3.00    12   323.77   2.65    11   424.28   1.76
I      5.00    12   268.79   1.56    11   331.05   3.56
I      7.00    12   244.42   1.13    11   275.96   1.45
I      9.00    12   225.98   3.65    11   247.51   1.52
I     11.00    12   218.75   1.72    11   231.41   2.69
M     13.00    14   209.04   1.84    14   218.37   2.02
M     15.00    16   205.15   2.35    16   206.08   2.52
M     17.00    18   197.35   1.33    17   200.77   1.99
M     19.00    21   193.38   2.06    19   197.52   1.73
M     21.00    22   187.03   2.01    18   193.22   1.62
M     23.00    20   184.04   0.84    20   188.59   0.98
M     25.00    26   180.48   1.48    25   184.10   1.26
M     27.00    28   175.11   1.07    26   178.51   1.23
M     29.00    27   173.42   0.97    27   172.14   0.97
M     31.00    33   173.24   1.31    29   173.92   0.93
M     33.00    33   169.78   1.64    34   171.98   1.29
M     35.00    35   169.39   0.96    37   171.81   1.14
M     37.00    36   167.80   1.26    38   169.78   0.92
M     39.00    37   165.61   0.72    39   167.73   1.11
M     41.00    32   168.81   1.00    43   167.93   1.15
M     43.05    28   167.73   1.78    41   166.84   1.28
M     45.20    26   164.59   1.35    44   168.43   1.42
M     47.46    19   165.88   0.86    46   165.91   1.11
I     49.84    12   168.11   1.89    11   164.75   1.63
I     52.33    12   167.45   4.07    11   159.47   1.59
I     54.94    12   165.53   6.83    11   165.77   1.79
I     57.69    12   164.57   7.90    11   161.00   1.26
M     60.58    22   161.62   1.61    65   162.24   0.94
M     63.60    36   161.91   1.05    77   161.05   0.79
M     66.78    52   160.55   1.05    84   160.86   0.82
M     70.12    88   159.83   0.74    99   160.27   0.76
M     73.63   139   159.55   0.64    99   159.79   0.63
M     77.31   144   159.79   0.58   123   159.48   0.62
M     81.18   165   159.01   0.54   164   159.40   0.54
M     85.24   176   159.85   0.52   178   159.18   0.47
M     89.50   205   160.23   0.53   195   159.18   0.50
M     93.97   213   159.89   0.52   220   158.76   0.42
M     98.67   244   159.40   0.44   243   158.16   0.48
M    103.60   265   159.51   0.39   269   158.82   0.46
M    108.79   293   159.47   0.40   293   159.37   0.40
M    114.22   330   159.74   0.42   315   158.98   0.35
M    119.94   350   160.17   0.34   284   158.81   0.41
M    125.93   388   159.32   0.32   256   159.07   0.43
M    132.23   382   159.45   0.35   247   159.29   0.44
M    138.84   383   159.24   0.35   317   158.75   0.35
M    145.78   430   160.10   0.33   448   158.85   0.36
M    153.07   564   159.53   0.29   589   159.12   0.31
M    160.73   641   159.65   0.27   640   158.74   0.30
M    168.76   604   159.95   0.31   709   158.85   0.28
M    177.20   630   160.07   0.25   778   159.23   0.25
