###  1237667324334637152 0.396 27.978 162.51299
# method  r_pixel  n1 i1_cts i1_cts_err n2 i2_cts i2_cts_err
I      3.00    10  1183.90  24.84     9  2087.30  59.20
I      5.00    10   674.11   6.73     9   968.36  12.15
I      7.00    10   461.48   4.65     9   568.02   5.48
I      9.00    10   350.05   7.65     9   412.93   1.49
M     11.00    11   307.00   5.51    12   339.59   7.70
M     13.00    12   271.79   2.06    13   286.25   4.70
M     15.00    17   242.81   2.85    16   258.08   3.43
M     17.00    18   221.97   3.07    16   232.87   2.29
M     19.00    16   208.12   1.31    20   214.91   2.18
M     21.00    22   191.01   1.81    22   201.22   1.95
M     23.00    23   188.40   1.36    23   192.74   2.59
M     25.00    22   182.09   1.25    26   185.08   2.05
M     27.00    29   176.64   1.58    28   180.95   2.09
M     29.00    29   173.74   1.70    31   175.02   1.52
M     31.00    30   173.31   0.60    33   172.32   1.36
M     33.00    29   168.18   1.21    31   169.16   0.94
M     35.00    37   166.04   1.39    35   167.25   1.10
M     37.00    39   165.41   1.25    36   171.00   1.30
M     39.00    38   166.81   1.16    39   166.95   1.36
M     41.00    46   164.35   1.06    42   166.23   1.21
M     43.05    38   164.70   1.06    48   166.50   1.32
M     45.20    50   164.20   0.83    50   165.37   1.01
M     47.46    54   163.91   1.07    57   164.23   1.12
M     49.84    61   164.47   1.09    64   165.99   0.82
M     52.33    69   163.54   0.86    69   165.40   1.02
M     54.94    78   164.02   0.89    73   166.17   0.99
M     57.69    79   164.06   0.81    83   166.36   0.86
M     60.58    85   163.13   0.85    90   165.05   0.96
M     63.60    76   161.43   0.82   105   163.90   0.76
M     66.78    93   162.84   0.68   111   163.44   0.80
M     70.12   105   161.60   0.76   126   163.79   0.76
M     73.63   121   162.21   0.65   133   163.24   0.62
M     77.31   143   162.52   0.65   152   161.37   0.69
M     81.18   167   162.52   0.61   165   162.37   0.76
M     85.24   182   161.68   0.58   182   163.08   0.58
M     89.50   201   162.39   0.55   202   162.28   0.55
M     93.97   216   162.23   0.49   219   162.77   0.57
M     98.67   240   162.38   0.51   248   162.42   0.50
M    103.60   263   162.74   0.48   265   161.96   0.44
M    108.79   297   162.29   0.45   298   163.13   0.53
