###  1237667443511656538 0.396 27.973 215.70851
# method  r_pixel  n1 i1_cts i1_cts_err n2 i2_cts i2_cts_err
I      3.00    12   401.95   5.94    11   382.14   1.01
I      5.00    12   318.63   6.48    11   299.93   1.85
I      7.00    12   280.13   2.58    11   277.55   1.88
I      9.00    12   258.54   2.43    11   259.03   3.84
M     11.00    10   252.98   1.57    10   256.24   3.73
M     13.00    12   247.97   4.11    11   249.27   1.12
M     15.00    16   246.35   2.48    15   242.86   2.88
M     17.00    18   238.76   2.78    17   237.96   1.95
M     19.00    21   236.08   2.30    18   235.33   2.49
M     21.00    21   232.84   2.03    21   231.88   1.76
M     23.00    24   231.48   1.26    20   229.95   0.69
M     25.00    24   226.22   1.52    22   225.69   2.51
M     27.00    25   227.90   1.49    27   223.91   1.19
M     29.00    29   220.68   1.38    29   224.02   1.84
M     31.00    30   221.15   1.47    31   222.59   1.78
M     33.00    35   219.72   1.47    34   223.52   1.17
M     35.00    36   218.13   1.45    32   222.88   0.88
M     37.00    37   219.94   1.43    35   221.11   1.57
M     39.00    39   216.91   1.09    40   219.70   1.37
M     41.00    42   215.04   1.63    43   218.67   1.32
M     43.05    47   215.83   1.09    44   216.93   1.59
M     45.20    49   216.18   0.89    48   216.08   1.34
M     47.46    53   213.88   1.02    60   217.42   1.04
M     49.84    62   218.62   0.87    57   217.07   0.90
M     52.33    66   217.37   0.99    67   215.64   0.98
M     54.94    74   215.61   0.86    75   215.81   0.86
M     57.69    78   215.70   1.05    82   216.36   0.96
M     60.58    90   216.26   0.98    92   216.02   0.71
M     63.60    98   215.63   0.75    99   216.67   0.81
M     66.78   112   215.92   0.76   111   216.20   0.77
M     70.12   118   215.99   0.63   114   216.64   0.70
M     73.63   133   216.48   0.86   136   216.30   0.64
M     77.31   146   216.73   0.82   145   214.98   0.72
M     81.18   164   215.83   0.63   157   215.57   0.54
M     85.24   179   214.89   0.60   181   215.42   0.64
M     89.50   193   215.59   0.54   202   216.45   0.57
M     93.97   223   216.45   0.58   216   214.55   0.63
M     98.67   232   215.75   0.53   236   215.93   0.44
M    103.60   263   216.02   0.46   261   215.06   0.46
M    108.79   292   215.49   0.44   293   215.53   0.47
M    114.22   249   215.79   0.47   315   215.89   0.49
M    119.94   243   216.29   0.52   355   215.90   0.39
M    125.93   266   214.58   0.42   387   215.89   0.44
M    132.23   333   216.08   0.48   330   215.52   0.48
M    138.84   454   216.03   0.41   345   215.67   0.43
M    145.78   407   215.31   0.46   374   215.25   0.42
