###  1237665441515896903 0.396 27.877 189.02623
# method  r_pixel  n1 i1_cts i1_cts_err n2 i2_cts i2_cts_err
I      3.00    10   375.46   7.14     9   417.60   9.93
I      5.00    10   309.87   2.52     9   316.56   2.01
I      7.00    10   270.52   4.73     9   278.21   2.88
I      9.00    10   235.39   1.25     9   245.55   2.29
I     11.00    10   217.73   1.80     9   217.84   4.85
M     13.00    13   207.62   2.87    15   212.15   2.36
M     15.00    13   197.55   1.01    16   201.62   1.83
M     17.00    17   197.29   1.77    18   196.95   1.87
M     19.00    20   192.05   2.05    19   193.22   1.82
M     21.00    21   191.63   1.73    19   188.37   1.12
M     23.00    22   192.71   1.30    24   190.56   1.49
M     25.00    25   190.81   1.95    27   187.61   1.99
M     27.00    29   187.14   1.59    28   187.73   1.96
M     29.00    30   191.19   1.56    29   189.72   1.70
M     31.00    34   191.61   1.78    31   187.72   1.53
M     33.00    33   189.62   1.49    33   189.95   1.59
M     35.00    35   189.43   1.55    36   189.65   1.83
M     37.00    39   188.28   1.07    39   189.74   1.27
M     39.00    42   190.03   1.60    43   189.26   1.30
M     41.00    43   189.45   1.21    39   190.83   0.98
M     43.05    47   187.34   0.98    48   188.52   0.88
M     45.20    47   189.03   0.89    52   188.00   1.35
M     47.46    55   190.22   1.32    55   190.85   0.99
M     49.84    63   190.59   0.77    65   187.19   0.83
M     52.33    67   189.10   0.89    65   190.04   1.13
M     54.94    79   187.81   0.96    76   187.80   0.77
M     57.69    83   189.96   0.94    81   188.72   0.74
M     60.58    92   188.68   0.83    93   188.14   0.95
M     63.60   102   189.74   0.72    98   189.68   0.62
M     66.78   113   188.93   1.03   113   189.10   0.92
