###  1237667324334309429 0.396 27.978 158.86014
# method  r_pixel  n1 i1_cts i1_cts_err n2 i2_cts i2_cts_err
I      3.00    10   349.62   2.96     9   506.18   4.07
I      5.00    10   279.38   1.58     9   368.52   1.81
I      7.00    10   240.27   1.25     9   284.21   3.90
I      9.00    10   220.21   1.82     9   245.82   3.29
M     11.00    12   214.78   2.64    13   232.44   2.72
M     13.00    14   207.95   2.28    13   220.05   3.25
M     15.00    13   199.15   1.27    14   208.58   1.39
M     17.00    16   193.80   1.80    17   204.18   1.91
M     19.00    20   185.62   1.46    20   193.63   2.18
M     21.00    23   177.61   1.50    22   187.84   1.67
M     23.00    23   172.19   1.63    22   180.23   1.67
M     25.00    21   169.33   0.57    27   179.43   1.89
M     27.00    27   168.46   1.76    26   170.78   1.79
M     29.00    29   164.35   1.58    32   168.78   1.50
M     31.00    32   163.41   1.62    33   166.40   1.02
M     33.00    34   162.37   1.34    33   165.71   1.36
M     35.00    35   164.19   1.21    36   165.35   1.09
M     37.00    36   163.56   1.09    37   163.97   1.18
M     39.00    35   162.11   0.77    37   163.18   1.18
M     41.00    39   162.30   0.84    38   162.14   1.06
M     43.05    45   160.13   1.17    36   160.37   1.09
M     45.20    48   161.59   0.85    40   160.83   1.34
M     47.46    59   161.47   1.28    46   162.02   0.96
M     49.84    61   160.63   0.92    57   161.20   0.95
M     52.33    71   159.87   1.00    67   158.66   0.96
M     54.94    72   159.15   1.15    69   159.87   0.71
M     57.69    84   158.03   0.92    81   158.54   0.73
M     60.58    95   160.08   0.87    92   158.09   0.89
M     63.60   100   159.20   0.78    98   158.55   0.66
M     66.78   111   159.34   0.74   110   158.07   0.75
M     70.12   121   159.65   0.71   125   158.29   0.76
M     73.63   136   158.96   0.67   138   158.49   0.72
M     77.31   154   158.89   0.69   150   158.63   0.59
M     81.18   161   159.03   0.52   163   159.31   0.71
M     85.24   184   158.96   0.62   185   158.45   0.62
M     89.50   200   159.86   0.60   201   158.66   0.55
M     93.97   221   158.43   0.48   224   159.12   0.52
M     98.67   245   158.88   0.62   243   158.90   0.54
M    103.60   269   159.51   0.48   273   158.71   0.48
M    108.79   295   158.58   0.49   290   159.44   0.42
M    114.22   328   158.96   0.47   325   159.23   0.47
M    119.94   357   158.84   0.41   359   158.82   0.42
M    125.93   397   158.78   0.36   401   158.77   0.45
M    132.23   355   158.61   0.45   424   158.60   0.41
M    138.84   318   158.90   0.44   408   158.54   0.42
