###  1237665428089864334 0.396 27.971 158.00157
# method  r_pixel  n1 i1_cts i1_cts_err n2 i2_cts i2_cts_err
I      3.00    18   589.52   3.69    17  1076.75   9.16
I      5.00    18   454.57   1.07    17   724.65   5.61
I      7.00    18   397.85   3.47    17   525.48   4.94
I      9.00    18   357.42   2.35    17   416.63   5.34
I     11.00    18   327.13   1.19    17   369.84   2.77
M     13.00    10   314.37   5.74    15   351.99   2.44
M     15.00    16   300.05   3.45    12   340.14   3.11
M     17.00    16   289.68   3.07    17   324.51   2.62
M     19.00    18   275.20   2.56    15   297.10   1.69
M     21.00    19   270.52   1.84    16   281.62   1.44
M     23.00    24   268.91   3.26    25   268.61   2.46
M     25.00    22   273.18   3.57    23   260.06   2.41
M     27.00    28   273.05   3.29    23   258.18   2.56
M     29.00    29   268.59   3.78    28   256.57   2.32
M     31.00    27   266.18   2.66    28   260.39   2.47
M     33.00    33   262.27   1.89    31   250.01   2.99
M     35.00    32   257.21   1.92    37   250.33   3.93
M     37.00    37   249.72   1.91    33   246.84   3.66
M     39.00    37   244.37   1.66    39   242.80   3.13
M     41.00    40   234.24   1.95    40   240.20   2.06
M     43.05    41   233.57   2.38    43   245.54   1.99
M     45.20    50   229.02   1.55    45   242.01   1.62
M     47.46    53   224.60   1.69    56   237.56   2.32
M     49.84    55   219.75   1.66    58   236.82   2.37
M     52.33    62   217.70   1.38    63   235.38   1.36
M     54.94    70   212.74   1.38    69   234.86   1.22
M     57.69    82   204.86   1.12    82   232.00   1.45
M     60.58    82   202.34   1.36    84   222.32   1.42
M     63.60    94   197.55   1.34    98   207.86   1.46
M     66.78   103   194.57   1.14   101   195.64   1.01
M     70.12   113   189.85   1.23   116   187.72   1.08
M     73.63   128   186.94   1.28   124   179.34   0.85
M     77.31   139   183.76   1.29   146   172.34   0.90
M     81.18   147   180.20   1.07   152   168.97   0.82
M     85.24   155   175.77   0.87   167   166.19   0.67
M     89.50   191   172.97   0.89   188   162.71   0.63
M     93.97   202   169.70   0.71   208   161.27   0.65
M     98.67   230   166.79   0.62   228   160.47   0.53
M    103.60   255   164.20   0.64   243   160.95   0.56
M    108.79   273   163.06   0.53   274   160.36   0.57
M    114.22   300   162.05   0.46   313   160.64   0.57
M    119.94   334   160.49   0.52   336   159.34   0.51
M    125.93   373   160.73   0.45   366   158.31   0.45
M    132.23   407   160.23   0.43   404   158.53   0.43
M    138.84   449   159.43   0.41   454   158.94   0.41
M    145.78   497   159.20   0.42   494   158.68   0.39
M    153.07   550   158.68   0.40   545   158.53   0.40
M    160.73   607   157.95   0.41   602   158.16   0.35
M    168.76   664   157.85   0.37   661   158.25   0.34
M    177.20   718   158.08   0.38   726   157.55   0.35
M    186.06   788   157.98   0.34   807   158.44   0.31
M    195.36   889   157.81   0.32   883   158.27   0.29
