###  1237667444048789861 0.396 27.91 209.869019
# method  r_pixel  n1 i1_cts i1_cts_err n2 i2_cts i2_cts_err
I      3.00    10   556.30  10.25     9   887.68  19.87
I      5.00    10   371.25   5.12     9   476.51   1.83
I      7.00    10   305.45   1.71     9   345.15   3.16
I      9.00    10   267.58   2.56     9   288.96   3.99
M     11.00    11   255.98   3.21    10   263.19   1.58
M     13.00    12   239.14   1.99    12   246.57   1.45
M     15.00    17   234.34   2.28    11   239.45   1.14
M     17.00    18   231.26   1.92    19   232.72   2.45
M     19.00    17   226.35   1.68    20   224.93   1.68
M     21.00    21   221.29   1.64    22   226.37   2.01
M     23.00    23   221.43   1.18    24   223.33   2.05
M     25.00    27   218.59   1.57    27   222.32   1.33
M     27.00    29   219.06   1.63    25   220.95   1.51
M     29.00    27   218.37   1.81    32   218.37   1.78
M     31.00    31   216.33   1.24    32   217.68   1.22
M     33.00    35   216.99   2.02    36   216.53   1.15
M     35.00    38   212.87   1.43    35   214.01   1.59
M     37.00    39   213.28   1.91    36   215.29   1.15
M     39.00    41   211.79   1.47    40   215.57   1.29
M     41.00    40   214.01   1.49    43   214.75   1.53
M     43.05    47   213.34   1.74    46   212.69   1.39
M     45.20    55   211.39   1.19    49   212.95   1.17
M     47.46    56   211.10   1.09    56   211.60   1.34
M     49.84    58   213.19   0.91    67   211.85   1.07
M     52.33    71   211.67   1.04    65   212.11   0.78
M     54.94    78   210.73   1.07    72   210.85   0.67
M     57.69    83   211.59   0.90    87   210.27   0.94
M     60.58    92   210.04   0.85    89   208.42   0.80
M     63.60   101   211.82   0.87   104   211.35   0.80
M     66.78   112   210.49   0.83   110   210.56   0.72
M     70.12   123   210.31   0.74   121   210.28   0.74
M     73.63   137   211.51   0.80   135   210.75   0.70
M     77.31   147   211.95   0.73   155   209.65   0.76
M     81.18   166   210.03   0.63   160   210.62   0.69
M     85.24   182   210.12   0.70   183   210.01   0.65
M     89.50   199   210.16   0.58   203   210.19   0.62
M     93.97   213   210.10   0.65   225   209.65   0.54
M     98.67   192   210.36   0.59   229   209.85   0.58
M    103.60   170   210.58   0.67   220   209.67   0.59
M    108.79   212   210.76   0.65   221   209.63   0.59
