###  1237667323797766302 0.396 27.932 163.14143
# method  r_pixel  n1 i1_cts i1_cts_err n2 i2_cts i2_cts_err
I      3.00    12   469.18   6.81    11   554.19   8.49
I      5.00    12   349.39   4.52    11   393.40   3.82
I      7.00    12   282.39   2.61    11   301.35   4.29
I      9.00    12   252.72   1.53    11   272.04   1.70
M     11.00    12   234.32   2.25    10   241.37   1.92
M     13.00    14   218.40   3.93    13   225.44   1.91
M     15.00    15   207.16   2.57    14   213.37   1.95
M     17.00    15   200.58   1.57    17   202.06   0.72
M     19.00    18   190.76   1.69    19   190.30   1.77
M     21.00    18   186.27   1.03    23   184.86   1.46
M     23.00    24   179.48   1.01    23   178.21   1.24
M     25.00    26   173.78   0.98    24   172.65   1.50
M     27.00    27   172.60   1.06    29   173.16   1.38
M     29.00    26   170.56   1.00    28   170.08   1.39
M     31.00    30   166.97   0.86    32   165.81   1.25
M     33.00    32   165.86   1.57    33   164.20   1.21
M     35.00    33   166.24   0.96    34   164.41   1.31
M     37.00    38   164.54   1.41    38   163.80   1.36
M     39.00    39   162.94   1.03    36   165.00   1.05
M     41.00    39   161.96   1.00    43   166.27   1.18
M     43.05    43   163.62   0.69    46   161.94   1.15
M     45.20    50   164.35   0.96    51   162.53   0.81
M     47.46    58   164.35   0.67    51   161.91   0.80
M     49.84    64   163.13   0.97    67   163.84   0.72
M     52.33    69   162.68   0.93    63   162.98   0.77
M     54.94    72   162.23   0.86    79   164.04   0.87
M     57.69    84   162.85   0.81    83   162.72   0.77
M     60.58    92   163.14   0.75    92   163.25   0.72
M     63.60    99   163.58   0.68   100   162.62   0.74
M     66.78   109   163.46   0.58   112   162.50   0.70
M     70.12   125   162.49   0.69   115   163.05   0.62
M     73.63   132   163.07   0.69   139   163.05   0.62
M     77.31   145   163.05   0.57   146   163.29   0.53
M     81.18   157   163.41   0.56   161   163.33   0.49
M     85.24   184   163.97   0.59   185   162.41   0.51
M     89.50   191   163.00   0.44   197   163.50   0.47
