###  1237667324334637347 0.396 27.978 162.65073
# method  r_pixel  n1 i1_cts i1_cts_err n2 i2_cts i2_cts_err
I      3.00    14   683.45   8.60    13  1663.48  23.01
I      5.00    14   413.65   8.28    13   852.20   6.18
I      7.00    14   315.27   2.16    13   493.09   3.74
I      9.00    14   256.31   3.61    13   337.43   5.70
M     11.00    10   239.43   3.09    11   274.57   6.69
M     13.00    14   220.07   2.61    14   247.12   3.31
M     15.00    16   212.93   2.77    15   223.80   2.36
M     17.00    18   204.85   1.85    19   215.83   2.25
M     19.00    16   202.69   1.47    18   207.74   0.62
M     21.00    19   196.31   1.49    20   200.06   2.47
M     23.00    20   188.42   1.17    20   199.63   1.75
M     25.00    24   184.15   2.00    26   190.32   2.18
M     27.00    26   175.50   1.41    21   184.79   1.14
M     29.00    27   175.12   1.88    29   178.23   1.57
M     31.00    33   170.63   1.48    30   176.02   2.14
M     33.00    29   171.89   1.09    33   173.49   1.70
M     35.00    33   168.08   0.91    37   173.68   1.39
M     37.00    37   168.49   1.07    39   172.37   2.19
M     39.00    35   166.43   1.10    35   168.18   1.43
M     41.00    42   166.65   1.41    41   170.32   2.55
M     43.05    45   168.01   1.36    42   166.49   1.11
M     45.20    47   165.94   0.95    48   167.27   1.04
M     47.46    58   164.89   1.28    53   164.78   1.16
M     49.84    58   164.26   0.86    64   164.07   1.06
M     52.33    64   165.09   1.06    58   164.27   0.77
M     54.94    75   163.86   0.68    77   164.67   0.89
M     57.69    80   161.77   0.80    83   164.23   0.86
M     60.58    86   163.35   0.77    85   162.77   0.92
M     63.60    97   163.60   0.86    99   164.17   0.79
M     66.78   108   164.03   0.82   112   162.27   0.92
M     70.12   116   164.06   0.85   115   162.18   0.73
M     73.63   107   161.28   0.69   132   161.17   0.74
