###  1237667444048658522 0.396 27.91 208.901
# method  r_pixel  n1 i1_cts i1_cts_err n2 i2_cts i2_cts_err
I      3.00    12  1252.48  14.57    11  2030.86  64.04
I      5.00    12   814.03  12.07    11  1075.17  18.63
I      7.00    12   604.49   5.43    11   745.38  10.31
I      9.00    12   496.74   8.29    11   583.22   7.43
I     11.00    12   435.86   2.12    11   494.06   6.23
M     13.00    13   400.37   4.72    11   435.08   3.09
M     15.00    14   381.96   4.20    16   405.48   3.17
M     17.00    16   366.65   4.69    16   381.95   3.70
M     19.00    19   346.72   4.07    18   358.82   2.83
M     21.00    22   326.83   4.67    23   339.72   3.09
M     23.00    23   306.55   1.58    23   317.38   2.84
M     25.00    26   293.31   3.42    26   303.62   2.44
M     27.00    27   280.39   2.90    28   286.32   1.90
M     29.00    30   271.92   1.25    28   272.65   2.46
M     31.00    31   260.00   1.30    32   262.43   1.20
M     33.00    33   248.38   1.22    35   251.69   2.03
M     35.00    35   243.00   1.96    35   244.38   1.61
M     37.00    35   236.83   1.51    34   236.49   0.77
M     39.00    41   237.29   1.63    40   237.96   1.39
M     41.00    41   232.71   1.19    39   232.69   1.25
M     43.05    44   231.06   1.14    46   231.18   1.10
M     45.20    49   227.80   1.23    51   227.11   1.19
M     47.46    60   224.51   1.18    52   223.76   0.87
M     49.84    58   222.39   0.82    63   221.87   0.99
M     52.33    68   218.69   0.98    63   219.52   1.01
M     54.94    71   217.04   0.81    78   216.97   0.80
M     57.69    85   214.72   0.96    83   215.49   1.04
M     60.58    91   213.54   1.00    90   213.52   0.71
M     63.60   100   211.04   0.86    98   212.63   0.79
M     66.78   106   212.75   0.76   108   211.43   0.81
M     70.12   126   211.17   0.73   117   211.65   0.63
M     73.63   127   211.09   0.59   135   210.99   0.64
M     77.31   146   211.06   0.68   148   209.23   0.67
M     81.18   162   210.90   0.65   156   208.31   0.63
M     85.24   180   209.53   0.62   178   209.71   0.58
M     89.50   196   208.82   0.63   194   211.29   0.59
M     93.97   218   209.44   0.59   219   210.83   0.56
M     98.67   246   208.96   0.51   231   210.58   0.49
M    103.60   265   208.81   0.49   230   210.66   0.56
M    108.79   287   208.98   0.48   182   211.71   0.53
M    114.22   328   208.12   0.46   142   211.48   0.72
M    119.94   352   209.00   0.39   156   211.59   0.57
M    125.93   373   208.51   0.37   189   211.28   0.65
M    132.23   420   208.34   0.41   288   211.46   0.52
M    138.84   483   209.01   0.39   329   211.68   0.50
M    145.78   524   208.71   0.35   216   213.05   0.53
M    153.07   571   209.15   0.33   234   211.59   0.52
M    160.73   635   208.77   0.33   337   211.02   0.43
M    168.76   707   208.69   0.30   418   212.03   0.44
M    177.20   762   208.03   0.26   450   211.54   0.39
M    186.06   326   209.28   0.40   319   210.90   0.45
