###  1237667323260567649 0.396 27.989 172.41376
# method  r_pixel  n1 i1_cts i1_cts_err n2 i2_cts i2_cts_err
I      3.00    12   311.42   3.17    11   496.52   4.82
I      5.00    12   277.97   0.50    11   350.07   3.08
I      7.00    12   266.62   2.02    11   297.78   1.79
I      9.00    12   261.96   4.35    11   265.84   3.39
M     11.00    10   242.41   1.57    12   258.99   2.00
M     13.00    11   238.63   1.49    13   247.09   1.56
M     15.00    17   247.92   2.24    16   231.68   2.18
M     17.00    18   240.65   2.48    17   226.56   2.56
M     19.00    19   231.65   2.13    21   222.22   2.85
M     21.00    20   223.65   1.52    20   220.63   2.64
M     23.00    21   216.98   2.57    23   221.10   1.29
M     25.00    26   217.88   2.56    26   215.68   2.31
M     27.00    29   215.18   3.22    25   216.48   1.12
M     29.00    26   209.91   1.09    32   214.42   1.86
M     31.00    30   204.45   2.15    28   210.64   1.76
M     33.00    33   203.71   2.16    32   206.61   2.30
M     35.00    36   202.14   1.66    36   207.26   1.86
M     37.00    34   200.24   1.17    38   206.22   2.81
M     39.00    38   198.13   0.91    40   199.16   1.96
M     41.00    41   193.29   1.26    42   197.38   1.63
M     43.05    46   188.95   1.01    45   196.21   1.57
M     45.20    50   184.72   1.14    51   194.99   1.21
M     47.46    57   182.47   1.15    54   191.02   1.44
M     49.84    60   179.78   1.20    63   186.01   1.33
M     52.33    69   178.64   0.90    65   182.33   1.23
M     54.94    73   176.35   1.02    77   180.20   0.85
M     57.69    82   176.76   1.03    82   177.72   1.10
M     60.58    89   176.82   0.79    92   179.03   0.78
M     63.60    97   176.33   0.88    99   176.60   0.87
M     66.78   112   175.71   0.82   110   176.32   0.83
M     70.12   117   175.67   0.75   101   176.38   0.86
M     73.63   133   175.22   0.65    88   175.95   1.06
M     77.31   148   174.41   0.66    85   174.33   0.94
M     81.18   161   174.14   0.59    93   174.04   0.77
M     85.24   177   173.74   0.65   124   174.04   0.84
M     89.50   201   174.14   0.57   157   172.78   0.64
M     93.97   219   173.50   0.59   213   172.65   0.47
M     98.67   241   172.78   0.52   236   173.00   0.44
M    103.60   264   172.86   0.57   261   173.45   0.50
M    108.79   290   173.41   0.51   290   172.85   0.44
M    114.22   319   172.61   0.42   318   173.29   0.45
M    119.94   363   172.24   0.49   352   171.92   0.43
M    125.93   388   172.26   0.44   391   172.45   0.44
M    132.23   431   172.24   0.39   428   172.30   0.42
M    138.84   476   172.16   0.37   470   172.66   0.40
M    145.78   527   172.22   0.38   529   172.79   0.38
M    153.07   576   172.36   0.36   580   172.43   0.34
M    160.73   520   172.76   0.38   635   172.24   0.34
M    168.76   388   173.16   0.41   702   172.49   0.31
M    177.20   426   172.33   0.42   766   171.86   0.29
M    186.06   618   172.53   0.32   854   171.99   0.30
M    195.36   710   172.50   0.32   938   172.21   0.28
M    205.13   688   172.31   0.31  1031   172.33   0.25
M    215.39   582   172.41   0.36  1151   172.92   0.25
M    226.16  1092   172.67   0.24  1257   172.27   0.23
