###  1237667322723827758 0.396 27.952 166.16234
# method  r_pixel  n1 i1_cts i1_cts_err n2 i2_cts i2_cts_err
I      3.00    14  1513.55  55.61    13  1300.32  33.42
I      5.00    14   826.23  21.46    13   720.89  12.74
I      7.00    14   541.57   6.80    13   489.82   7.02
I      9.00    14   395.19   3.20    13   373.81   5.19
M     11.00    11   323.50   4.77    10   316.75   5.00
M     13.00    12   289.47   5.64    14   283.31   3.75
M     15.00    16   267.53   3.51    15   261.55   2.67
M     17.00    17   253.43   2.82    16   250.32   2.57
M     19.00    19   242.34   2.10    17   239.49   1.93
M     21.00    22   230.67   1.95    20   230.21   2.16
M     23.00    22   227.90   1.03    24   223.55   1.49
M     25.00    24   218.63   1.98    25   214.52   2.32
M     27.00    26   209.49   1.67    28   209.56   2.41
M     29.00    29   205.03   1.24    27   203.61   1.16
M     31.00    30   200.34   1.00    31   197.08   1.42
M     33.00    31   192.05   0.98    35   191.13   1.44
M     35.00    33   190.51   1.06    34   185.49   1.46
M     37.00    35   183.36   1.23    39   183.35   1.36
M     39.00    36   181.45   0.81    37   179.84   1.10
M     41.00    41   178.63   1.14    41   176.06   1.14
M     43.05    46   173.81   0.99    46   174.97   0.99
M     45.20    46   172.69   0.90    47   171.92   1.33
M     47.46    54   172.98   0.83    57   172.42   0.97
M     49.84    61   171.71   0.86    60   169.66   1.33
M     52.33    62   169.71   0.85    63   169.65   0.77
M     54.94    77   169.70   0.76    59   169.10   0.79
M     57.69    77   167.96   0.76    57   168.07   0.89
M     60.58    91   167.76   0.76    63   167.68   0.84
M     63.60    99   168.28   0.67    65   166.92   0.75
M     66.78   106   167.78   0.65    85   165.45   0.79
M     70.12   123   165.55   0.71   103   165.81   0.78
M     73.63   132   165.53   0.58   115   167.10   0.62
M     77.31   139   166.00   0.67   126   167.44   0.76
M     81.18   162   166.05   0.57   149   166.55   0.50
M     85.24   169   166.62   0.51   174   166.99   0.46
M     89.50   200   166.68   0.56   191   166.16   0.53
M     93.97   214   165.75   0.54   214   166.44   0.46
M     98.67   236   166.28   0.44   235   166.20   0.44
M    103.60   261   165.96   0.45   261   166.48   0.49
M    108.79   291   165.98   0.43   291   165.92   0.43
M    114.22   320   165.95   0.44   319   165.91   0.41
M    119.94   353   166.02   0.39   353   165.81   0.39
