###  1237667444048658530 0.396 27.91 212.15988
# method  r_pixel  n1 i1_cts i1_cts_err n2 i2_cts i2_cts_err
I      3.00    16   553.89   1.79    15  1143.58  16.09
I      5.00    16   397.55   2.67    15   574.86   4.39
I      7.00    16   348.47   2.91    15   416.23   1.75
I      9.00    16   301.56   2.78    15   351.95   2.39
M     11.00    10   292.18   7.21    10   308.90   4.42
M     13.00    12   276.76   5.28    13   278.42   4.25
M     15.00    16   255.92   3.62    15   267.56   2.86
M     17.00    15   246.27   3.57    13   256.82   2.19
M     19.00    20   239.04   1.82    21   247.68   1.85
M     21.00    19   229.02   2.01    21   239.89   2.94
M     23.00    22   223.61   2.01    20   233.05   1.13
M     25.00    28   220.36   2.13    27   229.61   2.08
M     27.00    23   222.06   2.20    21   222.69   1.25
M     29.00    30   218.40   1.61    28   216.96   1.56
M     31.00    27   215.27   2.08    30   215.60   1.42
M     33.00    36   216.21   1.63    27   216.44   1.35
M     35.00    35   214.80   2.00    34   216.78   1.42
M     37.00    31   214.03   1.24    34   213.75   1.29
M     39.00    41   212.83   1.54    37   212.34   1.58
M     41.00    36   212.00   1.48    40   211.63   1.21
M     43.05    47   215.83   1.28    42   213.88   1.55
M     45.20    50   211.84   1.29    46   209.34   1.15
M     47.46    51   213.10   0.95    57   214.97   1.51
M     49.84    59   214.00   1.18    59   211.65   1.33
M     52.33    66   213.41   1.32    64   212.51   1.27
M     54.94    69   211.18   0.99    71   210.74   1.07
M     57.69    75   211.42   0.95    73   212.66   0.97
M     60.58    85   209.95   0.68    88   212.96   0.90
M     63.60    95   211.71   0.86    94   210.92   0.98
M     66.78   108   212.54   0.86   105   211.91   0.89
M     70.12   111   211.84   0.76   114   212.62   0.83
