###  1237667442974326814 0.396 27.935 220.4791
# method  r_pixel  n1 i1_cts i1_cts_err n2 i2_cts i2_cts_err
I      3.00    12  1841.58  57.97    11  1622.59  50.54
I      5.00    12  1077.99  13.52    11   930.19  22.73
I      7.00    12   741.24   4.68    11   661.78  13.79
I      9.00    12   559.63   3.22    11   520.95   4.28
I     11.00    12   458.06   1.75    11   449.75   8.95
M     13.00    14   412.61   5.87    14   396.67   6.51
M     15.00    16   368.38   4.42    15   361.72   5.98
M     17.00    18   343.94   3.71    14   338.02   3.25
M     19.00    18   318.55   2.16    19   327.93   2.52
M     21.00    21   308.59   2.12    21   312.68   3.04
M     23.00    22   300.61   3.10    22   307.93   2.71
M     25.00    25   291.30   2.20    25   304.94   1.94
M     27.00    29   286.24   2.03    29   301.54   2.25
M     29.00    29   280.55   2.37    30   297.40   1.90
M     31.00    30   278.64   1.44    32   290.83   2.03
M     33.00    34   273.94   1.56    33   286.07   1.80
M     35.00    34   269.15   1.36    34   284.35   1.66
M     37.00    39   268.63   1.07    39   277.73   1.46
M     39.00    40   263.07   1.64    39   274.72   1.37
M     41.00    41   261.20   1.24    42   264.95   1.41
M     43.05    41   259.19   1.14    49   262.59   1.39
M     45.20    49   252.85   1.39    52   257.73   1.86
M     47.46    55   248.68   0.98    54   254.72   1.41
M     49.84    64   245.44   1.44    61   247.88   1.01
M     52.33    67   241.39   1.11    67   244.53   1.26
M     54.94    78   238.70   1.10    76   239.01   1.05
M     57.69    80   236.15   1.09    81   236.06   0.88
M     60.58    83   232.62   1.13    92   233.75   0.82
M     63.60    68   229.71   0.96   101   231.96   0.91
M     66.78    70   228.73   1.23   108   229.98   0.94
M     70.12    81   228.34   0.88   118   230.74   0.78
M     73.63   101   228.26   1.15   135   228.89   0.94
M     77.31   105   225.98   1.01   145   226.98   0.71
M     81.18   126   224.31   0.87   168   225.63   0.70
M     85.24   150   226.09   0.74   180   225.71   0.68
M     89.50   180   223.72   0.68   198   224.97   0.65
M     93.97   213   223.03   0.62   218   222.92   0.66
M     98.67   242   222.86   0.62   241   223.07   0.59
M    103.60   263   222.12   0.56   269   223.13   0.56
M    108.79   295   221.84   0.50   297   221.79   0.53
M    114.22   324   221.73   0.47   322   222.41   0.48
M    119.94   352   221.91   0.45   359   222.05   0.51
M    125.93   394   220.75   0.43   397   221.59   0.49
M    132.23   436   220.81   0.41   431   221.49   0.41
M    138.84   474   221.38   0.42   479   221.92   0.45
M    145.78   534   220.49   0.40   480   220.97   0.39
M    153.07   578   220.72   0.35   389   220.96   0.46
M    160.73   645   220.41   0.38   341   221.21   0.46
M    168.76   699   220.19   0.32   520   221.02   0.43
M    177.20   766   219.92   0.31   736   220.61   0.31
M    186.06   860   220.43   0.31   863   220.84   0.33
M    195.36   936   220.09   0.28   935   220.70   0.28
M    205.13   957   220.00   0.28  1040   220.89   0.26
M    215.39   963   220.30   0.29  1151   220.74   0.25
M    226.16  1255   220.69   0.26  1195   220.99   0.26
M    237.46  1400   220.18   0.23   936   221.07   0.30
