###  1237667442438373472 0.396 28.032 209.93988
# method  r_pixel  n1 i1_cts i1_cts_err n2 i2_cts i2_cts_err
I      3.00    10   395.44   5.33     9   416.62   4.04
I      5.00    10   317.03   2.83     9   337.36   1.76
I      7.00    10   280.36   2.61     9   292.09   2.70
I      9.00    10   259.79   1.32     9   268.70   5.25
M     11.00    11   244.89   2.63    12   249.41   4.61
M     13.00    12   235.44   1.68    14   243.28   2.72
M     15.00    15   227.40   3.00    15   227.11   2.44
M     17.00    18   224.37   2.06    17   226.12   2.46
M     19.00    19   222.57   2.16    19   218.71   1.67
M     21.00    23   214.60   1.82    16   218.82   0.91
M     23.00    24   213.11   2.37    24   216.12   2.22
M     25.00    24   213.11   1.19    22   215.84   1.08
M     27.00    18   213.76   2.39    30   213.44   1.59
M     29.00    18   214.92   1.54    25   212.46   0.87
M     31.00    16   208.45   1.45    30   212.56   1.86
M     33.00    22   210.49   2.01    34   210.90   1.62
M     35.00    25   208.49   1.31    36   211.69   1.57
M     37.00    27   210.65   1.82    38   212.03   1.41
M     39.00    35   209.04   1.72    38   212.15   1.41
M     41.00    37   210.03   1.07    43   210.80   1.33
M     43.05    47   209.91   1.48    44   208.45   1.09
M     45.20    51   211.50   1.32    51   210.98   1.22
M     47.46    53   209.44   1.10    56   210.27   0.97
M     49.84    62   210.18   0.92    60   211.09   1.31
M     52.33    66   210.96   0.98    71   213.30   1.29
M     54.94    76   210.87   1.08    76   210.84   0.92
M     57.69    82   210.38   0.72    83   209.41   0.88
M     60.58    89   209.22   0.92    92   210.29   0.91
M     63.60   106   208.71   0.85    99   210.76   1.02
M     66.78   105   209.49   0.71   114   210.79   0.82
M     70.12   127   210.37   0.77   124   209.77   0.85
M     73.63   135   209.45   0.81   133   209.24   0.76
M     77.31   155   209.69   0.76   151   210.55   0.83
M     81.18   159   209.92   0.69   168   210.99   0.73
M     85.24   187   209.67   0.64   185   209.34   0.75
M     89.50   169   210.54   0.67   204   209.23   0.66
M     93.97   147   210.51   0.66   219   209.68   0.64
M     98.67   142   210.25   0.79   246   209.76   0.65
