###  1237667444585136268 0.396 27.956 203.84319
# method  r_pixel  n1 i1_cts i1_cts_err n2 i2_cts i2_cts_err
I      3.00    14   293.46   2.02    13   344.25   2.90
I      5.00    14   266.77   1.99    13   307.04   1.87
I      7.00    14   247.23   1.07    13   273.29   1.20
I      9.00    14   248.39   1.01    13   251.66   1.69
I     11.00    14   239.70   2.60    13   246.64   1.96
M     13.00    13   231.95   1.81    12   235.39   1.31
M     15.00    16   226.37   2.77    14   230.28   2.45
M     17.00    17   223.60   1.59    18   226.93   1.39
M     19.00    20   225.54   1.89    17   229.06   1.11
M     21.00    18   216.81   1.23    22   224.89   1.67
M     23.00    23   215.94   1.50    22   220.96   1.39
M     25.00    25   213.96   1.18    25   216.71   1.96
M     27.00    29   212.23   1.58    26   214.95   2.05
M     29.00    28   213.52   1.36    29   215.17   1.09
M     31.00    31   210.81   1.06    31   211.22   1.41
M     33.00    32   209.53   1.50    33   211.90   1.36
M     35.00    38   209.14   1.59    32   212.72   1.04
M     37.00    36   207.76   1.20    36   209.01   1.31
M     39.00    38   208.86   1.27    44   207.04   1.18
M     41.00    41   207.00   1.53    42   208.26   1.51
M     43.05    49   204.45   1.21    43   209.40   1.39
M     45.20    47   205.77   1.43    51   205.83   1.28
M     47.46    55   204.92   0.88    56   206.28   1.31
M     49.84    59   203.89   0.94    61   205.15   1.09
M     52.33    66   204.97   0.88    38   205.48   1.16
M     54.94    71   204.51   0.93    37   204.39   1.61
M     57.69    84   204.95   1.00    38   205.23   1.59
M     60.58    92   204.02   0.95    39   206.06   0.84
M     63.60    97   204.07   0.93    46   206.49   1.54
M     66.78   107   204.80   0.76    45   205.13   1.07
M     70.12   123   204.27   0.65    71   204.73   0.93
M     73.63   128   204.51   0.75   101   202.52   0.91
M     77.31   149   203.43   0.64   119   203.45   0.84
M     81.18   160   203.35   0.72   132   203.18   0.74
M     85.24   175   204.65   0.54   168   203.70   0.65
M     89.50   199   203.57   0.65   200   204.05   0.60
M     93.97   220   203.95   0.62   215   204.16   0.53
M     98.67   240   204.18   0.55   240   203.81   0.55
M    103.60   262   203.45   0.52   262   203.18   0.52
M    108.79   282   203.83   0.47   275   203.25   0.55
M    114.22   321   204.07   0.44   290   204.45   0.50
M    119.94   350   204.24   0.45   275   203.53   0.47
M    125.93   388   203.59   0.40   302   204.30   0.53
M    132.23   424   204.07   0.41   371   204.10   0.47
M    138.84   474   203.87   0.39   463   203.68   0.36
M    145.78   501   203.47   0.38   523   204.29   0.37
