###  1237667253482618902 0.396 28.065 163.42899
# method  r_pixel  n1 i1_cts i1_cts_err n2 i2_cts i2_cts_err
I      3.00    14   815.46   8.06    13  2635.91  90.95
I      5.00    14   499.06  10.60    13  1055.35  27.10
I      7.00    14   428.61   4.23    13   593.73   7.76
I      9.00    14   395.46   1.38    13   463.85   6.40
M     11.00    13   382.65   4.01    13   423.19   4.06
I     13.00    14   361.55   3.21    13   402.69   2.76
M     15.00    16   320.15   5.44    14   373.86   5.62
M     17.00    17   304.17   2.65    18   326.95   5.66
M     19.00    21   287.41   4.28    16   296.11   5.05
M     21.00    20   265.23   3.09    22   275.98   4.18
M     23.00    23   254.13   3.03    22   271.64   4.33
M     25.00    25   243.31   2.47    26   269.82   4.13
M     27.00    26   234.72   2.84    24   267.43   6.06
M     29.00    28   222.25   2.19    15   251.83   6.19
M     31.00    33   215.95   2.77    15   235.27   3.17
M     33.00    34   210.72   1.87    12   223.16   2.93
M     35.00    33   203.28   2.53    11   220.46   1.09
I     37.00    14   193.50   2.74    13   230.10  12.74
I     39.00    14   188.94   1.35    13   230.02  11.85
I     41.00    14   185.77   2.21    13   219.40   8.13
I     43.05    14   186.41   1.28    13   207.43   5.54
I     45.20    14   182.41   1.79    13   211.51   4.37
I     47.46    14   178.72   1.06    13   201.80   2.14
I     49.84    14   177.60   1.91    13   196.93   2.94
I     52.33    14   174.91   2.13    13   195.58   3.11
I     54.94    14   173.11   1.82    13   188.23   3.02
I     57.69    14   170.33   1.86    13   183.63   2.12
I     60.58    14   174.48   2.35    13   174.86   2.50
I     63.60    14   170.22   2.16    13   176.85   2.08
I     66.78    14   174.77   1.78    13   169.82   2.18
M     70.12    15   171.39   1.50    72   170.79   1.19
M     73.63    33   170.33   1.90   115   169.61   0.88
M     77.31    51   168.07   1.32   146   166.83   0.72
M     81.18   140   168.36   0.80   159   166.95   0.75
M     85.24   175   166.83   0.55   169   166.01   0.67
M     89.50   196   166.81   0.62   143   165.90   0.85
M     93.97   214   166.05   0.60   107   165.87   0.98
M     98.67   239   165.11   0.47    84   165.67   0.95
M    103.60   260   164.88   0.54    91   166.10   1.14
M    108.79   288   165.49   0.51   113   163.74   0.95
M    114.22   314   164.56   0.45   143   164.78   0.79
M    119.94   338   164.97   0.39   308   164.47   0.54
M    125.93   384   164.96   0.41   373   164.91   0.49
M    132.23   421   164.63   0.39   406   164.27   0.47
M    138.84   471   163.53   0.37   355   164.04   0.54
M    145.78   509   164.18   0.32   393   163.10   0.44
M    153.07   565   163.90   0.34   478   163.50   0.40
M    160.73   625   163.91   0.32   396   162.97   0.47
M    168.76   640   164.33   0.32   296   163.63   0.59
M    177.20   503   163.61   0.39   435   163.81   0.45
