###  1237667444585529472 0.396 27.956 206.017563
# method  r_pixel  n1 i1_cts i1_cts_err n2 i2_cts i2_cts_err
I      3.00    14   410.15   0.71    13   904.19   6.78
I      5.00    14   298.69   1.30    13   447.03   5.87
I      7.00    14   261.48   1.62    13   317.38   2.54
I      9.00    14   245.60   2.48    13   269.79   2.41
M     11.00    12   246.20   1.32    10   260.96   3.52
M     13.00    11   233.80   3.14    11   241.59   1.38
M     15.00    16   226.91   2.45    15   232.39   2.36
M     17.00    15   225.67   1.35    13   223.58   0.55
M     19.00    19   223.42   1.50    16   223.53   1.96
M     21.00    20   224.17   1.61    21   220.16   2.28
M     23.00    21   216.93   1.43    23   222.55   1.49
M     25.00    25   219.08   1.18    22   223.62   2.23
M     27.00    25   214.39   1.57    26   218.40   1.66
M     29.00    24   212.80   1.21    31   216.32   2.11
M     31.00    34   212.62   1.46    31   214.17   1.17
M     33.00    29   211.73   1.09    32   212.62   1.50
M     35.00    37   212.34   1.82    36   211.71   1.52
M     37.00    39   213.76   1.57    39   212.03   1.67
M     39.00    38   210.66   1.47    37   210.74   1.70
M     41.00    40   210.31   1.34    40   213.04   1.22
M     43.05    46   208.61   1.45    45   209.08   1.16
M     45.20    50   208.73   1.20    50   209.63   1.19
M     47.46    51   207.83   1.00    54   208.26   1.34
M     49.84    32   207.34   1.27    60   208.15   1.35
M     52.33    34   206.44   1.67    68   209.65   1.10
M     54.94    22   206.78   1.94    72   208.27   0.92
M     57.69    21   206.50   1.85    82   208.41   1.23
M     60.58    17   207.54   1.59    87   206.75   0.96
M     63.60    17   207.48   1.74    96   205.63   0.94
M     66.78    20   209.06   2.34   110   207.37   0.82
M     70.12    29   209.09   1.09   119   207.71   0.78
M     73.63    43   207.64   1.09   127   206.03   0.81
M     77.31    83   206.84   1.08   149   206.61   0.70
M     81.18   122   207.04   0.88   158   206.91   0.72
