###  1237665440442089601 0.396 27.839 178.74138
# method  r_pixel  n1 i1_cts i1_cts_err n2 i2_cts i2_cts_err
I      3.00    10   397.15  10.50     9   510.29  11.01
I      5.00    10   315.84   2.11     9   347.44   6.26
I      7.00    10   264.04   3.22     9   283.23   1.45
I      9.00    10   247.81   2.95     9   261.45   4.14
M     11.00    10   228.93   4.17    10   238.13   3.17
M     13.00    14   217.82   2.51    13   229.03   2.27
M     15.00    15   211.96   2.27    15   213.40   2.91
M     17.00    17   210.22   3.20    17   209.31   2.13
M     19.00    20   205.91   1.83    18   210.19   1.63
M     21.00    20   202.41   1.54    23   205.34   1.18
M     23.00    24   199.31   1.79    23   195.51   1.70
M     25.00    27   193.73   2.05    24   197.12   1.41
M     27.00    28   191.85   1.19    26   194.00   1.85
M     29.00    29   190.13   1.63    30   193.78   1.72
M     31.00    33   190.58   1.97    32   189.89   1.22
M     33.00    35   189.15   1.59    35   188.68   1.48
M     35.00    34   187.42   1.08    33   188.27   1.53
M     37.00    38   185.64   1.43    21   186.32   0.96
M     39.00    41   185.70   1.47    14   186.80   2.85
M     41.00    41   184.21   1.17    10   187.49   4.76
I     43.05    10   185.47   2.69     9   181.42   2.10
I     45.20    10   188.02   2.04     9   185.21   1.72
I     47.46    10   180.03   1.77     9   189.35   4.04
M     49.84    61   182.36   1.04    12   186.51   2.54
M     52.33    69   179.93   0.98    15   179.10   2.11
M     54.94    74   180.47   1.24    23   180.58   1.96
M     57.69    84   178.77   1.03    33   178.80   1.31
M     60.58    93   180.78   1.11    75   180.34   1.23
M     63.60   101   178.24   0.94    97   180.53   0.77
M     66.78   111   179.08   0.78   113   180.53   0.71
M     70.12   126   180.06   1.01   122   178.61   0.97
M     73.63   136   179.30   0.81   135   180.44   0.76
M     77.31   147   179.83   0.67   152   179.19   0.71
M     81.18   164   178.78   0.69   163   178.16   0.69
M     85.24   179   179.54   0.70   184   178.28   0.74
M     89.50   204   179.57   0.70   200   178.15   0.62
M     93.97   222   180.07   0.59   221   178.32   0.55
M     98.67   245   178.40   0.56   244   177.79   0.64
M    103.60   274   179.11   0.57   274   179.27   0.64
M    108.79   296   178.72   0.55   300   178.63   0.54
M    114.22   327   180.39   0.52   327   179.26   0.56
M    119.94   361   178.42   0.50   359   178.48   0.50
M    125.93   396   178.18   0.50   397   179.28   0.50
M    132.23   439   179.13   0.42   431   178.64   0.45
M    138.84   484   178.53   0.43   487   178.77   0.43
M    145.78   535   178.89   0.41   532   178.01   0.41
M    153.07   590   178.99   0.39   581   178.32   0.36
M    160.73   648   178.07   0.39   494   179.09   0.42
M    168.76   654   178.34   0.32   323   179.01   0.49
M    177.20   608   178.76   0.36   429   178.38   0.51
M    186.06   745   178.18   0.32   772   178.85   0.32
M    195.36   962   178.12   0.30   955   179.00   0.30
M    205.13  1034   179.01   0.31  1064   178.60   0.29
M    215.39   973   178.58   0.30  1094   178.99   0.29
M    226.16  1139   178.43   0.28  1083   178.66   0.29
