###  1237667442974785781 0.396 27.935 212.57217
# method  r_pixel  n1 i1_cts i1_cts_err n2 i2_cts i2_cts_err
I      3.00    18   310.04   1.74    17   380.83   1.11
I      5.00    18   299.54   3.16    17   329.49   2.43
I      7.00    18   279.46   1.84    17   296.54   1.08
I      9.00    18   275.07   1.43    17   281.08   2.01
I     11.00    18   264.93   1.72    17   270.71   2.09
M     13.00    14   261.58   3.08    14   263.36   3.10
M     15.00    15   251.16   2.51    13   258.91   4.72
M     17.00    14   243.53   1.79    15   253.46   1.25
M     19.00    19   233.14   2.09    18   245.99   1.43
M     21.00    19   229.43   1.12    20   239.00   1.90
M     23.00    18   224.71   2.44    23   233.26   1.65
M     25.00    19   225.50   0.84    25   227.91   1.58
M     27.00    28   221.62   1.72    26   226.40   1.19
M     29.00    26   221.85   1.08    27   222.64   1.17
M     31.00    30   219.80   1.44    29   221.36   1.81
M     33.00    33   218.90   1.59    29   220.56   1.35
M     35.00    34   217.50   1.56    35   219.00   1.33
M     37.00    35   217.25   1.23    33   215.71   1.16
M     39.00    37   215.33   1.20    20   216.94   1.63
M     41.00    35   215.18   1.13    19   215.83   1.25
M     43.05    45   216.00   1.18    26   217.92   1.19
M     45.20    47   215.12   1.06    33   216.33   1.90
M     47.46    56   215.12   1.05    42   214.93   1.03
M     49.84    60   214.70   0.94    46   213.96   0.99
M     52.33    65   213.57   1.05    33   213.93   1.06
M     54.94    70   215.16   0.94    22   214.56   1.55
M     57.69    74   212.98   0.99    21   215.43   1.86
M     60.58    90   213.76   0.90    17   212.69   1.18
M     63.60    95   213.87   0.81    16   215.34   1.97
I     66.78    18   213.62   1.89    17   222.83   3.43
I     70.12    18   216.56   1.69    17   218.21   2.16
I     73.63    18   213.09   1.54    17   219.51   1.53
I     77.31    18   212.90   1.14    17   218.04   1.52
M     81.18   155   212.97   0.68    74   212.23   0.78
M     85.24   171   213.50   0.56   151   213.17   0.64
M     89.50   185   212.30   0.58   191   212.86   0.70
M     93.97   208   212.90   0.55   207   212.15   0.55
M     98.67   223   212.72   0.49   220   211.72   0.57
M    103.60   249   212.24   0.58   255   211.95   0.49
M    108.79   276   212.63   0.51   274   212.21   0.48
M    114.22   292   213.22   0.46   303   212.01   0.45
M    119.94   251   212.64   0.54   335   212.83   0.43
M    125.93   256   213.55   0.49   337   211.98   0.40
M    132.23   316   212.50   0.44   285   212.89   0.50
