###  1237667323797831683 0.396 27.932 163.13036
# method  r_pixel  n1 i1_cts i1_cts_err n2 i2_cts i2_cts_err
I      3.00    12   389.53   1.73    11   592.49   1.72
I      5.00    12   315.02   2.18    11   476.27   5.23
I      7.00    12   278.42   1.62    11   363.23   3.44
I      9.00    12   253.95   2.18    11   313.22   7.15
M     11.00    12   227.85   5.98    13   275.60   7.49
M     13.00    13   214.32   2.61    13   260.74   4.00
M     15.00    15   210.10   3.09    15   243.55   4.04
M     17.00    16   202.34   2.51    17   229.84   2.58
M     19.00    20   202.45   2.11    19   224.40   3.03
M     21.00    21   195.81   2.06    22   213.17   3.48
M     23.00    23   190.72   1.70    24   207.55   3.33
M     25.00    22   186.02   1.34    24   196.05   2.05
M     27.00    30   181.78   1.72    30   189.83   1.49
M     29.00    30   180.82   1.49    26   186.98   1.85
M     31.00    31   176.86   0.79    31   179.26   1.24
M     33.00    33   173.97   1.53    32   179.04   1.55
M     35.00    34   173.00   1.40    37   176.56   1.55
M     37.00    36   171.65   0.94    38   174.55   1.43
M     39.00    37   169.58   0.83    35   173.68   0.95
M     41.00    41   171.29   1.08    42   172.01   1.16
M     43.05    45   170.76   1.22    46   169.52   1.11
M     45.20    51   169.79   1.23    49   168.74   0.90
M     47.46    51   169.77   0.88    56   168.59   1.34
M     49.84    62   168.78   0.80    63   167.47   1.19
M     52.33    63   167.61   0.87    70   166.48   1.05
M     54.94    72   167.94   0.74    71   166.85   0.82
M     57.69    86   166.06   0.74    76   167.22   0.72
M     60.58    89   166.64   0.93    92   164.72   0.79
M     63.60   101   166.37   0.81   102   165.21   0.75
M     66.78   110   166.28   0.96   110   164.34   0.84
M     70.12   123   164.31   0.74   117   166.33   0.70
M     73.63   132   164.02   0.66   134   165.13   0.76
M     77.31   146   163.51   0.62   150   164.00   0.72
M     81.18   141   164.20   0.69   164   164.91   0.64
M     85.24   126   163.54   0.73   180   164.40   0.61
M     89.50   134   162.89   0.76   195   164.08   0.58
M     93.97   156   163.03   0.60   221   163.58   0.55
M     98.67   183   163.40   0.51   240   163.49   0.53
M    103.60   216   163.89   0.60   268   163.56   0.50
M    108.79   286   162.93   0.52   289   163.61   0.52
M    114.22   318   162.84   0.42   325   163.52   0.38
M    119.94   355   163.01   0.40   355   162.97   0.47
M    125.93   393   162.70   0.38   391   163.05   0.41
M    132.23   403   162.70   0.44   430   163.31   0.36
M    138.84   362   162.92   0.46   475   162.94   0.35
M    145.78   393   162.97   0.38   526   163.22   0.36
M    153.07   539   162.60   0.30   583   162.75   0.36
M    160.73   560   162.68   0.37   639   163.35   0.32
M    168.76   579   163.04   0.31   703   163.53   0.31
M    177.20   703   162.75   0.31   777   163.08   0.29
