###  1237667323798159456 0.396 27.932 171.05159
# method  r_pixel  n1 i1_cts i1_cts_err n2 i2_cts i2_cts_err
I      3.00    10   434.19   1.99     9   932.17   6.16
I      5.00    10   356.32   8.31     9   505.63   6.06
I      7.00    10   292.90   5.42     9   380.77   6.38
I      9.00    10   291.74   8.86     9   329.25   8.13
M     11.00    12   271.46   3.79    11   283.38   2.83
M     13.00    13   241.13   3.32    12   266.53   1.45
M     15.00    16   222.52   3.14    13   256.41   1.75
M     17.00    17   211.03   2.89    17   255.58   1.84
M     19.00    20   200.56   1.83    19   235.92   3.03
M     21.00    21   196.57   1.51    21   221.79   1.64
M     23.00    19   190.28   1.44    23   203.64   2.62
M     25.00    26   188.11   2.09    25   196.95   1.63
M     27.00    28   183.56   1.19    25   191.99   2.26
M     29.00    27   179.73   1.45    31   187.59   1.91
M     31.00    33   180.94   0.98    34   187.36   1.94
M     33.00    35   180.08   1.38    33   181.59   1.20
M     35.00    38   179.99   1.22    36   179.29   1.46
M     37.00    36   174.66   1.05    36   176.65   1.25
M     39.00    38   176.99   1.12    36   176.73   0.94
M     41.00    40   176.11   1.19    44   175.84   1.42
M     43.05    47   173.40   1.37    44   176.13   1.04
M     45.20    53   175.21   1.29    50   174.73   1.15
M     47.46    60   174.68   1.22    49   175.99   1.08
M     49.84    63   174.24   1.03    44   176.50   1.42
M     52.33    69   172.52   0.98    37   175.66   1.34
M     54.94    73   172.17   0.81    32   175.06   1.33
M     57.69    83   171.58   0.69    25   171.49   1.51
M     60.58    91   171.86   0.79    30   173.24   1.49
M     63.60   102   171.87   0.93    55   173.12   1.19
M     66.78   113   172.34   0.77    89   171.84   1.00
M     70.12   122   172.13   0.74   116   171.98   0.82
M     73.63   138   170.95   0.69   137   171.78   0.70
M     77.31   150   170.89   0.72   149   170.55   0.72
M     81.18   161   171.47   0.54   164   171.55   0.69
M     85.24   181   171.31   0.61   183   170.65   0.56
M     89.50   205   171.12   0.57   201   171.63   0.58
M     93.97   222   170.75   0.59   222   171.19   0.59
M     98.67   245   170.75   0.56   245   171.01   0.56
M    103.60   269   171.58   0.50   269   170.88   0.46
M    108.79   296   171.15   0.48   291   170.91   0.48
M    114.22   320   170.29   0.46   320   170.66   0.46
M    119.94   360   170.28   0.43   302   170.10   0.47
M    125.93   390   170.98   0.45   275   170.52   0.42
M    132.23   439   170.41   0.39   365   171.36   0.43
