###  1237667443511656567 0.396 27.973 215.50679
# method  r_pixel  n1 i1_cts i1_cts_err n2 i2_cts i2_cts_err
I      3.00    14   820.63   4.88    13  1330.09  52.68
I      5.00    14   588.90   3.37    13   767.31  23.45
I      7.00    14   494.22   1.63    13   565.97  15.81
I      9.00    14   431.16   2.99    13   476.26  10.98
M     11.00    10   407.16   6.83    12   405.98  10.72
M     13.00    13   379.47   6.54    14   384.91  12.44
M     15.00    15   362.68   4.82    14   371.60  11.25
M     17.00    17   341.13   4.37    19   360.73   6.98
M     19.00    18   307.65   2.77    18   339.93   3.66
M     21.00    23   288.19   2.06    20   309.81   3.20
M     23.00    22   272.17   2.25    25   281.53   1.98
M     25.00    25   263.07   2.36    23   268.27   1.68
M     27.00    27   258.07   2.27    28   259.93   2.23
M     29.00    29   254.26   2.08    29   256.78   1.96
M     31.00    30   250.23   1.70    29   252.87   2.08
M     33.00    31   246.07   1.23    35   248.85   2.20
M     35.00    35   241.47   1.68    36   244.43   1.65
M     37.00    38   239.46   1.51    36   243.77   1.45
M     39.00    38   236.00   1.61    41   238.00   1.36
M     41.00    40   235.03   1.37    40   235.01   1.37
M     43.05    45   229.39   1.30    43   232.92   1.23
M     45.20    49   229.12   1.33    50   229.06   1.32
M     47.46    59   228.65   1.45    54   227.65   1.60
M     49.84    61   223.48   1.03    63   228.79   1.10
M     52.33    67   223.42   1.29    67   224.58   1.21
M     54.94    72   222.36   1.10    72   223.98   1.10
M     57.69    85   220.45   1.14    80   221.27   1.11
M     60.58    87   221.15   0.93    81   221.00   1.03
M     63.60    98   219.54   1.00    93   220.67   1.09
M     66.78   111   219.69   0.88   108   220.08   0.95
M     70.12   120   216.76   0.74   122   218.67   0.84
M     73.63   131   216.08   0.81   134   218.04   0.91
M     77.31   146   217.86   0.77   146   216.24   0.77
M     81.18   156   215.79   0.64   162   216.20   0.68
M     85.24   179   215.64   0.70   179   216.15   0.74
M     89.50   199   215.40   0.57   193   215.96   0.71
M     93.97   209   215.22   0.64   213   216.37   0.51
M     98.67   248   216.17   0.59   239   215.74   0.64
M    103.60   261   214.67   0.54   265   215.20   0.53
M    108.79   294   216.03   0.58   281   216.02   0.56
M    114.22   323   215.70   0.52   315   215.01   0.49
M    119.94   326   215.18   0.48   352   214.70   0.50
M    125.93   288   213.59   0.55   392   215.48   0.44
M    132.23   314   215.97   0.53   428   215.32   0.45
M    138.84   432   215.67   0.39   468   215.29   0.40
M    145.78   517   215.18   0.38   517   216.13   0.35
M    153.07   572   214.96   0.36   505   216.13   0.44
M    160.73   625   215.33   0.32   489   215.94   0.45
M    168.76   684   215.43   0.29   590   216.35   0.38
M    177.20   756   215.12   0.32   770   216.44   0.33
M    186.06   352   215.48   0.43   525   216.77   0.41
