###  1237667323260567703 0.396 27.989 172.19577
# method  r_pixel  n1 i1_cts i1_cts_err n2 i2_cts i2_cts_err
I      3.00    10   406.76   4.51     9   527.87   3.39
I      5.00    10   321.27   3.13     9   390.49   4.85
I      7.00    10   294.43   4.93     9   315.03   2.82
I      9.00    10   269.47   3.46     9   291.15   7.21
M     11.00    13   258.35   4.83    10   268.02   1.16
M     13.00    14   243.91   3.67    13   256.53   2.24
M     15.00    15   233.17   2.09    15   243.26   1.93
M     17.00    16   222.36   2.02    17   226.42   1.80
M     19.00    20   213.25   2.22    20   217.90   2.78
M     21.00    22   198.91   2.39    21   205.34   2.31
M     23.00    22   190.15   1.85    25   201.21   1.74
M     25.00    28   184.13   1.76    25   197.13   1.49
M     27.00    26   183.79   1.46    29   190.50   1.27
M     29.00    28   179.43   1.41    30   186.02   1.59
M     31.00    33   178.94   1.52    31   183.34   2.12
M     33.00    35   178.27   1.57    32   180.42   1.43
M     35.00    36   180.32   1.24    36   179.27   1.14
M     37.00    38   177.09   1.51    39   176.14   1.29
M     39.00    40   177.04   1.28    16   174.42   1.24
I     41.00    10   176.92   2.44     9   175.35   1.73
I     43.05    10   175.06   1.10     9   177.47   2.04
I     45.20    10   178.31   3.03     9   176.79   4.78
I     47.46    10   173.18   2.29     9   179.92   9.25
M     49.84    66   174.30   0.84    10   173.71   3.35
M     52.33    65   174.78   1.08    13   174.65   0.69
M     54.94    80   174.53   0.90    20   176.03   1.53
M     57.69    83   174.60   0.95    75   175.17   0.93
M     60.58    91   173.07   0.78    88   172.73   0.73
M     63.60   101   171.94   0.86    98   172.69   0.75
M     66.78   108   172.89   0.78   112   172.75   0.76
M     70.12   123   172.90   0.84   117   174.08   0.58
M     73.63   137   172.51   0.85   139   171.76   0.74
M     77.31   152   173.11   0.61   152   172.66   0.60
M     81.18   162   173.79   0.59   162   171.83   0.68
M     85.24   182   172.36   0.64   183   172.47   0.69
M     89.50   191   172.87   0.49   199   172.28   0.62
M     93.97   221   171.91   0.54   221   172.87   0.54
M     98.67   243   172.35   0.52   246   172.26   0.52
M    103.60   266   172.37   0.49   270   171.55   0.53
M    108.79   292   171.60   0.40   292   171.71   0.51
M    114.22   315   172.51   0.45   288   172.57   0.51
M    119.94   310   172.64   0.49   272   172.83   0.45
M    125.93   340   172.77   0.47   297   172.17   0.47
M    132.23   357   172.38   0.40   405   172.22   0.40
M    138.84   228   172.46   0.54   356   172.98   0.46
