###  1237667323797831800 0.396 27.932 163.15724
# method  r_pixel  n1 i1_cts i1_cts_err n2 i2_cts i2_cts_err
I      3.00    14   346.49   2.22    13   533.30  14.18
I      5.00    14   274.67   3.21    13   371.34   7.97
I      7.00    14   248.27   1.28    13   291.64   1.21
I      9.00    14   234.66   3.16    13   259.34   2.08
I     11.00    14   227.24   0.48    13   241.61   1.89
M     13.00    11   217.72   2.09    13   233.54   1.21
M     15.00    17   214.29   2.29    15   225.73   1.96
M     17.00    17   207.57   2.89    17   219.52   1.53
M     19.00    18   201.26   1.48    20   216.64   2.53
M     21.00    22   197.43   3.08    19   206.30   1.74
M     23.00    22   194.57   2.42    22   200.79   2.00
M     25.00    25   190.73   1.76    24   195.47   2.44
M     27.00    28   186.86   1.54    27   192.97   1.45
M     29.00    28   185.22   2.02    29   186.97   1.75
M     31.00    32   182.90   1.67    30   184.77   2.18
M     33.00    33   181.48   1.10    34   182.44   1.30
M     35.00    35   180.37   1.38    32   179.08   0.89
M     37.00    37   180.18   1.04    37   180.80   1.76
M     39.00    37   177.72   1.14    39   177.42   1.21
M     41.00    41   176.11   1.27    40   177.46   1.59
M     43.05    44   173.80   0.95    46   174.98   1.02
M     45.20    54   174.61   1.28    44   175.53   0.66
M     47.46    55   173.98   1.27    55   172.67   1.10
M     49.84    59   171.77   1.23    62   173.30   1.28
M     52.33    68   170.62   0.84    65   170.05   1.09
M     54.94    74   170.15   0.95    77   169.50   1.00
M     57.69    79   168.87   0.99    80   170.86   0.77
M     60.58    86   169.25   0.61    87   169.00   0.67
M     63.60    98   167.01   0.76    97   168.36   0.70
M     66.78   114   168.06   0.71   109   166.33   0.78
M     70.12   118   166.06   0.87   114   167.26   0.65
M     73.63   133   165.71   0.76   135   165.68   0.59
M     77.31   137   165.34   0.59   146   165.25   0.62
M     81.18   158   164.32   0.55   164   165.00   0.69
M     85.24   185   164.74   0.65   182   164.21   0.61
M     89.50   191   164.66   0.59   191   164.06   0.59
M     93.97   213   164.56   0.52   210   163.75   0.43
M     98.67   235   163.22   0.53   238   163.56   0.57
M    103.60   264   164.26   0.46   265   163.93   0.50
M    108.79   292   163.82   0.48   289   163.72   0.48
M    114.22   317   163.34   0.42   313   163.22   0.50
M    119.94   353   163.57   0.40   349   162.87   0.44
M    125.93   388   163.41   0.41   390   162.94   0.44
M    132.23   429   163.11   0.36   427   162.46   0.36
M    138.84   469   162.85   0.38   475   162.69   0.38
M    145.78   517   163.23   0.33   521   163.11   0.36
M    153.07   574   162.97   0.34   568   163.25   0.34
M    160.73   632   163.12   0.30   632   163.36   0.30
M    168.76   694   163.59   0.29   688   162.74   0.29
M    177.20   775   163.16   0.29   761   162.90   0.27
M    186.06   832   163.49   0.28   853   162.99   0.30
M    195.36   786   162.86   0.29   938   162.70   0.27
M    205.13   927   163.10   0.29  1033   163.40   0.25
M    215.39  1145   163.51   0.24  1127   162.80   0.24
M    226.16  1255   163.03   0.21  1101   162.88   0.25
M    237.46  1086   163.55   0.25  1110   162.88   0.23
