###  1237667323260370980 0.396 27.989 177.00211
# method  r_pixel  n1 i1_cts i1_cts_err n2 i2_cts i2_cts_err
I      3.00    12  1317.17  14.60    11  2610.08  24.05
I      5.00    12   943.29   8.29    11  1488.52   4.70
I      7.00    12   759.82   8.38    11  1038.38   6.85
I      9.00    12   637.89   9.02    11   809.46   7.65
I     11.00    12   576.25   1.88    11   623.09   7.24
M     13.00    16   521.96   6.06    13   562.17   6.19
M     15.00    15   484.51   3.93    15   513.96   7.90
M     17.00    15   456.45   3.68    16   482.51   6.35
M     19.00    19   436.27   3.00    19   445.08   4.99
M     21.00    22   402.85   3.16    22   416.81   3.86
M     23.00    23   377.06   2.85    23   390.93   1.93
M     25.00    20   360.83   1.08    26   375.13   2.79
M     27.00    27   347.53   2.04    25   352.93   2.23
M     29.00    30   333.82   1.69    27   345.93   2.15
M     31.00    32   323.66   2.30    34   331.34   2.34
M     33.00    33   308.60   2.38    32   317.55   2.08
M     35.00    33   294.01   1.94    36   304.10   1.24
M     37.00    38   283.46   1.31    37   291.48   2.14
M     39.00    39   272.05   1.40    42   279.20   1.23
M     41.00    39   267.29   1.19    39   269.01   1.20
M     43.05    47   256.07   1.18    46   261.00   1.65
M     45.20    50   249.55   1.48    50   250.82   1.50
M     47.46    57   244.83   1.40    55   246.01   1.08
M     49.84    61   239.31   1.11    60   239.25   1.28
M     52.33    69   234.27   1.19    66   234.30   0.92
M     54.94    72   225.88   0.95    76   229.64   0.99
M     57.69    77   221.74   1.06    81   224.01   1.10
M     60.58    94   217.59   0.89    92   217.37   0.84
M     63.60   100   211.88   0.81    96   213.84   0.70
M     66.78   105   208.87   0.61   108   208.35   0.72
M     70.12   123   205.53   0.73   122   204.56   0.79
M     73.63   124   204.56   0.89   137   202.04   0.69
M     77.31   133   201.66   0.86   147   198.56   0.72
M     81.18   168   199.01   0.81   160   195.08   0.64
M     85.24   178   195.47   0.70   182   192.59   0.64
M     89.50   179   191.61   0.69   197   191.18   0.53
M     93.97   180   189.07   0.56   213   187.69   0.51
M     98.67   141   187.09   0.73   246   186.59   0.55
M    103.60   143   184.89   0.62   266   184.22   0.46
M    108.79   228   184.05   0.45   290   184.08   0.44
M    114.22   320   183.78   0.45   325   183.48   0.41
M    119.94   278   182.34   0.52   355   182.26   0.46
M    125.93   310   181.42   0.42   387   181.07   0.38
M    132.23   356   180.82   0.43   438   180.61   0.38
M    138.84   451   180.31   0.38   479   180.15   0.34
M    145.78   526   179.69   0.32   521   179.78   0.33
M    153.07   583   180.11   0.33   578   179.17   0.31
M    160.73   637   178.76   0.32   632   179.17   0.30
M    168.76   702   179.29   0.28   711   178.88   0.28
M    177.20   778   178.74   0.29   774   178.36   0.27
M    186.06   844   178.02   0.28   857   177.93   0.27
M    195.36   766   177.92   0.29   941   178.33   0.24
M    205.13   877   177.77   0.27   924   177.91   0.24
M    215.39  1149   177.57   0.22   886   178.08   0.25
M    226.16  1257   177.73   0.21  1107   178.00   0.22
