###  1237667253482553389 0.396 28.065 163.55695
# method  r_pixel  n1 i1_cts i1_cts_err n2 i2_cts i2_cts_err
I      3.00    10   683.65  14.31     9  1900.34  64.46
I      5.00    10   426.32   5.61     9   840.21   6.52
I      7.00    10   307.89   4.85     9   464.51   9.17
I      9.00    10   275.80   1.96     9   338.42   4.12
M     11.00    11   251.10   2.19    11   286.43   4.82
M     13.00    12   238.86   1.04    13   257.39   2.80
M     15.00    15   226.61   1.86    15   239.08   2.82
M     17.00    16   216.71   3.08    17   228.15   1.94
M     19.00    20   208.51   1.63    20   211.90   1.46
M     21.00    21   201.45   2.22    23   209.29   1.97
M     23.00    25   197.70   1.89    23   201.35   2.12
M     25.00    25   189.92   1.60    25   195.91   1.31
M     27.00    30   187.97   1.46    27   189.45   1.96
M     29.00    27   184.50   1.40    30   188.61   1.59
M     31.00    31   182.35   1.57    29   184.44   1.21
M     33.00    35   180.23   1.72    33   182.78   1.26
M     35.00    37   178.80   1.44    36   179.95   1.33
M     37.00    37   175.17   1.19    38   178.29   1.30
M     39.00    42   174.96   1.35    39   177.01   1.74
M     41.00    41   174.24   1.48    43   175.11   1.44
M     43.05    44   170.60   0.99    47   172.41   1.16
M     45.20    51   169.96   1.32    47   171.04   0.95
M     47.46    54   168.46   1.09    53   168.14   0.90
M     49.84    65   167.49   1.35    62   166.89   0.83
M     52.33    66   166.30   0.98    66   167.08   1.34
M     54.94    74   166.57   0.76    78   165.87   0.82
M     57.69    84   166.37   0.95    83   165.32   0.88
M     60.58    92   164.29   0.91    89   166.14   0.62
M     63.60   100   165.34   0.73   101   165.70   0.87
M     66.78   109   164.77   0.70   109   164.35   0.69
M     70.12   122   164.66   0.72   124   164.56   0.85
M     73.63   141   163.34   0.74   131   163.71   0.57
M     77.31   142   163.43   0.61   147   164.48   0.72
M     81.18   166   164.17   0.57   164   163.43   0.62
M     85.24   177   163.92   0.55   184   163.89   0.59
M     89.50   206   163.70   0.51   201   163.67   0.56
M     93.97   208   163.63   0.56   216   162.80   0.54
M     98.67   178   164.18   0.60   243   164.06   0.46
M    103.60   165   163.21   0.51   272   163.60   0.53
M    108.79   188   163.08   0.58   295   163.05   0.51
M    114.22   278   163.22   0.48   333   163.20   0.44
M    119.94   355   163.57   0.42   346   163.52   0.43
M    125.93   399   163.40   0.40   317   162.89   0.41
M    132.23   440   162.78   0.38   301   163.65   0.42
M    138.84   479   163.77   0.37   364   162.97   0.46
M    145.78   529   163.26   0.35   511   163.20   0.39
M    153.07   534   162.74   0.35   575   163.79   0.33
