###  1237667444585070621 0.396 27.956 206.37578
# method  r_pixel  n1 i1_cts i1_cts_err n2 i2_cts i2_cts_err
I      3.00    14   868.24  16.26    13  1234.36  60.46
I      5.00    14   601.95  10.69    13   753.29  24.58
I      7.00    14   463.29   2.53    13   521.34  14.56
I      9.00    14   392.46   4.48    13   435.80   6.10
M     11.00    13   368.18   8.16    11   394.83   2.53
M     13.00    13   329.34   9.22    12   359.44   4.91
M     15.00    15   301.07   5.57    13   337.97   2.54
M     17.00    14   287.07   3.83    18   312.28   3.37
M     19.00    21   278.76   2.99    19   301.31   1.80
M     21.00    22   271.67   3.20    19   284.97   2.40
M     23.00    22   264.26   2.50    22   273.84   2.93
M     25.00    25   255.99   2.08    25   258.37   3.26
M     27.00    26   241.23   1.54    27   247.33   1.64
M     29.00    28   235.34   2.84    28   238.07   2.22
M     31.00    29   227.13   2.18    31   230.26   2.23
M     33.00    32   224.38   1.27    32   225.75   0.69
M     35.00    36   220.07   1.20    34   221.34   1.68
M     37.00    36   216.86   1.20    36   218.94   1.63
M     39.00    40   215.27   1.75    39   215.87   1.15
M     41.00    40   213.47   1.24    42   216.47   1.31
M     43.05    44   211.72   1.38    44   213.03   1.08
M     45.20    48   210.90   1.13    47   210.42   0.86
M     47.46    55   210.78   1.05    55   211.82   1.14
M     49.84    58   209.39   1.11    61   209.11   1.00
M     52.33    66   208.61   1.12    64   210.12   0.98
M     54.94    74   208.25   0.99    76   208.33   0.90
M     57.69    79   207.88   1.10    79   208.50   0.95
M     60.58    92   209.67   0.89    86   208.87   0.77
M     63.60    80   209.61   0.88    99   209.03   0.85
M     66.78    78   207.58   1.11   109   209.56   0.94
M     70.12    88   207.50   1.04   121   207.79   0.83
M     73.63   105   206.01   0.70   131   206.65   0.74
M     77.31   127   206.95   0.69   119   206.30   0.84
M     81.18   149   207.31   0.75   105   206.37   0.83
M     85.24   171   206.27   0.75   104   206.15   0.96
M     89.50   197   206.03   0.56   119   207.62   0.60
M     93.97   212   205.88   0.63   148   206.02   0.75
M     98.67   240   205.86   0.55   181   205.84   0.68
M    103.60   260   206.01   0.53   253   206.17   0.57
