###  1237667324334506263 0.396 27.978 159.11955
# method  r_pixel  n1 i1_cts i1_cts_err n2 i2_cts i2_cts_err
I      3.00    12   230.14   0.17    11   252.42   4.62
I      5.00    12   210.60   0.51    11   212.87   2.53
I      7.00    12   190.44   2.41    11   198.55   1.73
I      9.00    12   187.54   1.32    11   184.18   2.20
M     11.00    11   183.05   1.37    11   183.60   2.76
M     13.00    12   175.72   1.32    11   175.95   1.97
M     15.00    17   172.94   2.38    16   176.95   2.77
M     17.00    14   168.74   1.57    18   170.63   2.00
M     19.00    17   163.52   1.90    20   169.73   2.48
M     21.00    22   161.54   1.81    21   163.36   2.71
M     23.00    22   163.62   2.09    23   160.81   1.09
M     25.00    26   162.92   2.56    23   160.63   1.77
M     27.00    29   162.40   1.82    28   159.00   1.60
M     29.00    30   161.75   1.43    31   160.13   1.53
M     31.00    28   159.38   0.99    29   161.60   1.33
M     33.00    31   161.21   0.94    34   159.50   1.35
M     35.00    31   161.38   1.06    35   159.83   1.54
M     37.00    36   162.32   0.76    35   160.51   1.32
M     39.00    40   159.21   1.75    39   160.04   0.84
M     41.00    41   157.88   1.73    42   158.82   1.21
M     43.05    45   158.38   1.17    47   160.36   1.24
M     45.20    46   159.87   0.96    47   159.14   1.14
M     47.46    60   157.80   0.93    58   157.47   1.29
M     49.84    59   156.82   1.10    62   159.42   1.08
M     52.33    69   158.25   1.02    69   158.83   0.94
M     54.94    71   157.99   0.93    75   159.64   0.90
M     57.69    84   158.31   1.07    85   160.46   0.99
M     60.58    88   157.24   0.84    89   159.03   0.90
M     63.60   100   158.65   0.72   100   158.66   0.91
M     66.78   107   159.12   0.70   110   159.25   0.81
M     70.12   126   158.51   0.70   120   159.76   0.59
M     73.63   128   158.97   0.63   129   159.78   0.69
M     77.31   150   159.08   0.64   153   159.38   0.79
M     81.18   159   159.46   0.67   163   158.80   0.61
M     85.24   175   159.75   0.59   172   159.38   0.55
M     89.50   190   157.98   0.52   200   159.27   0.55
M     93.97   220   159.16   0.57   222   159.74   0.52
M     98.67   240   159.16   0.42   239   158.72   0.51
M    103.60   267   159.04   0.52   261   158.75   0.49
M    108.79   266   158.93   0.44   291   158.80   0.50
