###  1237667324334571534 0.396 27.978 164.88959
# method  r_pixel  n1 i1_cts i1_cts_err n2 i2_cts i2_cts_err
I      3.00    16  3249.23  22.17    15  4565.46 115.58
I      5.00    16  2063.43  12.58    15  2995.37  75.11
I      7.00    16  1379.21   5.58    15  1849.83  39.07
I      9.00    16   991.21   6.44    15  1274.64  22.50
M     11.00    12   793.89  19.10    11   978.96  30.41
M     13.00    13   634.78  11.90    14   748.77  19.69
M     15.00    14   539.10   6.49    14   617.19  10.75
M     17.00    16   473.56   6.63    16   529.07   8.59
M     19.00    17   416.59   5.96    14   464.16   6.30
M     21.00    21   369.71   3.34    23   408.15   6.14
M     23.00    21   347.79   4.13    22   359.96   5.11
M     25.00    25   318.34   3.58    23   333.14   3.03
M     27.00    29   295.57   2.77    27   305.27   2.66
M     29.00    29   277.46   2.44    29   285.41   2.57
M     31.00    27   261.90   2.23    27   273.00   2.64
M     33.00    32   250.85   2.18    33   256.70   2.59
M     35.00    37   244.95   1.73    32   248.83   1.52
M     37.00    35   237.86   1.42    36   240.65   1.30
M     39.00    40   228.73   1.38    38   232.02   1.60
M     41.00    40   220.01   1.65    40   227.09   0.97
M     43.05    44   212.81   1.34    44   218.96   1.66
M     45.20    51   209.78   1.42    50   214.41   1.53
M     47.46    49   202.92   1.09    53   209.39   1.19
M     49.84    59   198.68   0.93    57   202.26   0.99
M     52.33    60   195.45   0.83    60   197.84   0.92
M     54.94    69   191.46   0.92    71   193.56   0.93
M     57.69    78   186.52   0.88    80   191.12   0.85
M     60.58    89   184.00   0.70    84   187.28   0.77
M     63.60    95   180.29   0.73    96   185.06   0.71
M     66.78   106   179.72   0.61   108   180.38   0.78
M     70.12   113   177.22   0.73   111   179.41   0.58
M     73.63   127   175.72   0.65   113   176.73   0.66
M     77.31   133   173.81   0.57   110   174.51   0.74
M     81.18   123   171.53   0.52   116   171.66   0.63
M     85.24    80   171.31   0.98   157   171.78   0.55
M     89.50    38   169.98   1.12   162   171.66   0.54
M     93.97    50   169.18   0.80   134   170.74   0.60
M     98.67    76   167.19   0.71   105   169.04   0.62
M    103.60   113   169.02   0.70   112   168.35   0.56
M    108.79   231   167.17   0.55   160   167.68   0.59
M    114.22   281   166.26   0.38   252   168.17   0.44
M    119.94   330   165.91   0.41   328   167.57   0.42
M    125.93   374   166.05   0.36   379   167.05   0.41
M    132.23   408   164.93   0.33   412   167.11   0.35
M    138.84   455   164.26   0.34   453   167.10   0.37
M    145.78   499   164.51   0.31   500   167.04   0.31
M    153.07   557   163.96   0.34   552   167.01   0.32
M    160.73   612   163.44   0.28   610   166.71   0.30
M    168.76   668   164.15   0.28   667   167.21   0.28
M    177.20   710   163.77   0.26   742   167.81   0.29
