###  1237667324334637140 0.396 27.978 162.33473
# method  r_pixel  n1 i1_cts i1_cts_err n2 i2_cts i2_cts_err
I      3.00    14  1166.00  43.17    13  1221.79  37.96
I      5.00    14   707.02  18.01    13   699.18  21.41
I      7.00    14   488.68   9.08    13   453.98   9.94
I      9.00    14   376.94   7.22    13   366.62   5.45
M     11.00    10   310.95   6.41    11   304.56   5.31
M     13.00    14   280.25   6.11    13   279.91   5.26
M     15.00    15   256.65   4.87    14   256.18   4.89
M     17.00    15   235.80   2.52    16   246.61   4.07
M     19.00    18   224.70   3.23    18   231.28   2.15
M     21.00    21   213.58   3.13    21   217.12   4.13
M     23.00    23   199.27   2.04    21   200.75   1.99
M     25.00    27   194.64   2.14    21   192.83   1.57
M     27.00    27   188.78   1.38    29   187.95   1.58
M     29.00    28   187.83   1.35    28   185.68   1.60
M     31.00    29   179.48   1.46    31   179.37   1.41
M     33.00    33   177.86   1.36    35   177.38   1.76
M     35.00    34   175.32   1.34    34   173.68   2.01
M     37.00    38   173.31   1.59    34   176.83   1.45
M     39.00    41   169.11   1.73    41   171.69   1.32
M     41.00    39   169.55   1.36    41   169.81   1.33
M     43.05    44   168.15   0.98    45   169.44   1.07
M     45.20    50   166.20   0.83    45   168.22   1.07
M     47.46    54   167.85   1.24    43   164.69   1.19
M     49.84    56   167.48   1.13    54   166.18   1.06
M     52.33    56   165.99   1.05    61   163.91   1.00
M     54.94    63   162.49   0.99    75   164.92   1.05
M     57.69    71   162.33   1.08    79   163.94   1.03
M     60.58    80   162.29   0.66    86   162.84   0.84
M     63.60    93   163.61   0.81    77   163.98   0.89
M     66.78   104   163.16   0.83    58   163.26   0.77
M     70.12   107   163.79   0.63    46   165.30   1.54
M     73.63   129   162.92   0.69    36   162.41   1.09
M     77.31   146   163.72   0.65    37   164.22   1.50
