###  1237667324334702708 0.396 27.978 162.35684
# method  r_pixel  n1 i1_cts i1_cts_err n2 i2_cts i2_cts_err
I      3.00    12   247.56   2.53    11   316.33   2.90
I      5.00    12   226.80   1.08    11   258.39   0.73
I      7.00    12   199.16   0.84    11   219.64   3.55
I      9.00    12   191.33   1.91    11   196.91   1.13
M     11.00    12   188.54   3.39    10   185.80   1.72
M     13.00    13   185.21   2.55    13   182.25   2.30
M     15.00    13   177.81   1.61    15   177.23   2.28
M     17.00    18   181.32   1.52    17   174.26   1.62
M     19.00    20   174.99   2.17    19   170.58   1.43
M     21.00    22   174.48   1.67    19   163.78   2.60
M     23.00    21   176.00   1.28    23   164.74   1.26
M     25.00    24   172.19   1.41    27   160.67   2.22
M     27.00    25   169.37   1.29    24   160.45   1.56
M     29.00    29   168.51   1.48    26   159.98   1.69
M     31.00    30   166.69   1.38    29   157.12   1.67
M     33.00    34   166.50   1.26    30   161.33   1.49
M     35.00    34   166.02   1.41    30   157.22   1.82
M     37.00    39   164.54   1.13    30   160.25   0.82
M     39.00    38   163.17   0.99    32   160.38   1.78
M     41.00    41   164.35   1.26    32   161.06   1.27
M     43.05    45   164.90   1.02    41   162.26   1.94
M     45.20    51   164.62   0.90    50   164.22   1.38
M     47.46    56   163.20   0.96    56   161.69   1.54
M     49.84    60   164.87   1.10    62   161.86   1.37
M     52.33    68   165.20   0.93    68   161.32   1.12
M     54.94    74   165.70   0.93    78   163.19   1.37
M     57.69    81   163.33   0.93    81   162.47   1.22
M     60.58    93   162.97   0.79    86   162.95   0.86
M     63.60   100   163.42   0.81   102   163.00   0.79
M     66.78   113   162.99   0.74    92   162.81   0.90
M     70.12   122   163.02   0.77    82   163.02   0.94
M     73.63   134   162.45   0.62    96   162.76   0.91
M     77.31   144   162.71   0.65   103   162.58   0.86
M     81.18   161   162.39   0.52   115   161.31   0.81
M     85.24   181   163.09   0.67   130   161.11   0.64
M     89.50   201   162.08   0.61   190   162.50   0.62
M     93.97   214   162.00   0.62   218   162.17   0.49
M     98.67   243   162.53   0.50   235   162.51   0.50
M    103.60   259   162.14   0.50   266   161.97   0.52
M    108.79   297   162.93   0.45   297   162.73   0.45
M    114.22   319   163.47   0.44   317   162.25   0.46
M    119.94   355   162.64   0.35   356   162.14   0.44
M    125.93   385   162.30   0.37   391   162.76   0.43
M    132.23   433   162.46   0.41   435   162.28   0.39
M    138.84   470   162.79   0.36   472   162.67   0.33
M    145.78   528   162.83   0.34   532   162.67   0.35
M    153.07   584   163.03   0.32   574   162.05   0.33
M    160.73   637   162.40   0.28   644   162.10   0.31
M    168.76   712   162.71   0.32   695   162.70   0.28
M    177.20   780   163.05   0.28   779   162.02   0.28
M    186.06   857   162.42   0.29   800   162.74   0.30
M    195.36   951   162.32   0.25   832   162.65   0.28
M    205.13  1036   162.38   0.26   979   162.40   0.26
M    215.39   971   162.18   0.27  1096   162.39   0.24
M    226.16   956   162.35   0.25  1044   162.59   0.25
