###  1237665440442089583 0.396 27.839 178.5916
# method  r_pixel  n1 i1_cts i1_cts_err n2 i2_cts i2_cts_err
I      3.00    16  1036.95  14.77    15  1555.99  42.75
I      5.00    16   620.18   6.44    15   874.28  19.69
I      7.00    16   444.52   3.06    15   542.63  10.41
I      9.00    16   346.06   2.35    15   394.03   5.04
M     11.00    10   299.42   5.05    10   327.67   9.39
M     13.00    12   266.27   2.36    11   284.13   3.53
M     15.00    15   251.28   3.49    16   263.75   4.07
M     17.00    18   235.12   2.80    16   248.34   2.09
M     19.00    15   232.22   1.80    18   237.53   2.19
M     21.00    20   223.06   1.69    21   227.16   1.90
M     23.00    24   215.35   2.01    23   221.57   2.47
M     25.00    26   208.21   1.61    23   213.50   2.08
M     27.00    26   201.79   1.55    28   206.54   2.13
M     29.00    29   198.66   1.47    28   203.91   2.28
M     31.00    30   194.28   1.37    32   197.76   1.27
M     33.00    33   190.36   1.30    34   195.72   1.70
M     35.00    35   188.56   1.21    33   190.93   1.79
M     37.00    36   189.91   1.38    32   190.40   0.97
M     39.00    42   186.06   1.67    37   187.23   1.36
M     41.00    39   183.12   1.29    40   185.22   0.91
M     43.05    41   184.60   1.08    44   185.51   1.25
M     45.20    49   181.30   0.87    50   184.62   1.44
M     47.46    53   181.28   1.08    56   182.03   1.16
M     49.84    58   180.43   1.05    60   183.65   1.40
M     52.33    68   181.31   1.23    66   180.95   1.14
M     54.94    72   181.48   1.04    72   182.34   0.86
M     57.69    81   179.64   1.00    83   181.19   0.90
M     60.58    87   180.04   0.87    84   179.07   0.97
M     63.60    93   180.34   0.76    97   179.80   0.73
M     66.78   107   178.67   0.67   105   178.87   0.79
M     70.12   115   179.01   0.72   118   178.33   0.72
M     73.63   132   178.86   0.73   126   179.02   0.68
M     77.31   141   178.25   0.74   142   178.56   0.72
M     81.18   165   177.88   0.66   160   178.32   0.61
M     85.24   172   179.24   0.67   173   178.44   0.62
M     89.50   197   179.27   0.66   191   179.70   0.60
M     93.97   211   179.08   0.62   211   179.23   0.55
M     98.67   232   179.48   0.66   231   178.40   0.51
M    103.60   261   178.71   0.56   262   178.92   0.53
M    108.79   286   177.74   0.48   260   178.21   0.49
M    114.22   314   178.63   0.47   227   178.90   0.54
M    119.94   338   178.04   0.45   234   179.11   0.48
M    125.93   380   178.55   0.41   279   179.17   0.50
M    132.23   419   178.51   0.39   409   178.39   0.41
M    138.84   442   177.89   0.38   456   178.20   0.41
