###  1237665440978501687 0.396 27.973 179.7355
# method  r_pixel  n1 i1_cts i1_cts_err n2 i2_cts i2_cts_err
I      3.00    10   438.84   6.75     9   605.23  23.67
I      5.00    10   302.14   2.54     9   364.32   5.33
I      7.00    10   260.72   3.60     9   289.33   3.20
I      9.00    10   246.12   1.69     9   252.07   1.43
M     11.00    11   227.18   2.42    12   229.85   3.80
M     13.00    14   218.58   2.54    13   224.20   1.83
M     15.00    15   209.48   2.26    16   213.97   2.19
M     17.00    16   203.11   1.82    16   207.57   2.55
M     19.00    22   200.90   2.34    19   203.05   1.84
M     21.00    21   199.64   1.60    20   203.40   1.63
M     23.00    25   191.52   1.75    22   195.01   1.40
M     25.00    25   192.96   1.75    26   191.59   2.15
M     27.00    27   188.36   2.39    28   190.07   2.07
M     29.00    29   186.40   1.90    26   187.96   1.86
M     31.00    30   187.61   1.33    31   185.21   1.18
M     33.00    35   185.52   1.73    35   189.44   1.60
M     35.00    36   184.45   1.82    35   186.48   1.24
M     37.00    38   184.51   0.95    37   183.79   1.44
M     39.00    39   182.21   1.64    40   183.66   1.73
M     41.00    24   185.76   1.19    39   181.28   1.17
M     43.05    16   180.87   2.92    48   182.62   1.06
M     45.20    14   181.04   2.73    52   181.71   1.01
M     47.46    17   180.74   1.77    54   179.82   1.09
M     49.84    17   178.14   1.77    55   179.21   1.09
M     52.33    18   181.84   1.55    72   181.34   1.12
M     54.94    19   179.95   1.51    77   179.74   0.83
M     57.69    32   182.28   1.16    79   180.35   0.99
M     60.58    78   181.28   0.83    91   180.05   1.00
M     63.60    98   178.90   0.81   101   179.88   0.80
M     66.78   106   181.25   0.78   115   180.47   0.75
M     70.12   127   179.68   0.78   124   179.98   0.72
M     73.63   129   181.00   0.77   136   179.64   0.75
M     77.31   148   180.69   0.66   143   179.26   0.67
M     81.18   167   178.62   0.68   166   180.49   0.68
M     85.24   177   179.78   0.60   184   178.54   0.70
M     89.50   198   179.75   0.57   191   179.28   0.58
M     93.97   216   180.71   0.50   197   179.06   0.52
M     98.67   242   179.71   0.56   220   179.24   0.54
M    103.60   246   180.46   0.51   262   179.67   0.45
M    108.79   241   180.46   0.61   295   179.19   0.47
M    114.22   260   179.56   0.50   327   179.59   0.48
M    119.94   301   180.22   0.46   359   179.05   0.46
M    125.93   391   180.19   0.41   394   179.88   0.44
M    132.23   201   179.55   0.62   329   179.54   0.52
