###  1237667444048330974 0.396 27.91 204.70058
# method  r_pixel  n1 i1_cts i1_cts_err n2 i2_cts i2_cts_err
I      3.00    12   405.17   2.22    11   394.36   6.60
I      5.00    12   322.59   3.53    11   325.34   3.33
I      7.00    12   291.35   2.19    11   293.79   2.42
I      9.00    12   281.77   1.25    11   272.45   1.15
M     11.00    12   259.64   1.41    10   258.31   3.27
M     13.00    13   253.59   2.45    12   253.44   2.25
M     15.00    16   246.83   3.02    16   243.74   3.21
M     17.00    15   237.53   1.37    15   243.48   1.66
M     19.00    20   239.55   1.63    19   236.88   1.63
M     21.00    22   229.13   1.43    21   233.34   1.50
M     23.00    23   224.85   1.18    23   229.22   1.57
M     25.00    26   222.12   1.43    26   224.23   1.10
M     27.00    27   222.52   1.00    28   221.75   1.73
M     29.00    32   222.73   1.26    26   217.26   1.29
M     31.00    30   220.63   0.99    31   220.36   1.44
M     33.00    33   219.16   1.32    31   220.25   1.17
M     35.00    37   216.16   1.21    35   218.31   1.50
M     37.00    38   215.25   1.08    36   218.62   1.49
M     39.00    36   217.28   1.06    36   212.36   1.17
M     41.00    41   212.70   1.25    41   213.06   1.20
M     43.05    51   212.93   1.07    47   211.35   1.03
M     45.20    50   212.44   0.88    49   210.47   0.73
M     47.46    52   211.55   0.90    54   212.57   1.09
M     49.84    60   213.82   1.24    58   211.13   0.92
M     52.33    69   211.41   0.80    71   211.72   1.08
M     54.94    73   209.52   0.88    72   210.27   0.76
M     57.69    69   210.08   0.94    79   208.91   1.05
M     60.58    74   207.99   0.89    87   206.92   0.86
M     63.60    80   207.26   0.86   101   208.23   0.85
M     66.78    88   206.30   0.75   115   207.04   0.80
M     70.12   100   207.12   0.80   122   206.44   0.80
M     73.63   114   206.74   0.75   133   207.60   0.62
M     77.31   144   205.48   0.66   146   207.43   0.59
M     81.18   163   207.73   0.54   162   208.12   0.57
M     85.24   177   205.73   0.56   127   206.81   0.64
M     89.50   203   206.60   0.54   120   205.72   0.73
M     93.97   219   206.12   0.47   122   204.84   0.79
M     98.67   244   206.24   0.46   154   204.68   0.56
M    103.60   264   205.85   0.44   235   204.58   0.52
M    108.79   291   205.64   0.39   298   205.36   0.50
M    114.22   322   205.51   0.39   327   204.53   0.44
M    119.94   348   204.89   0.39   353   204.45   0.41
M    125.93   403   204.45   0.35   399   204.63   0.38
M    132.23   439   204.55   0.35   404   204.79   0.39
M    138.84   329   205.27   0.37   212   206.28   0.54
