###  1237667324334374925 0.396 27.978 157.87018
# method  r_pixel  n1 i1_cts i1_cts_err n2 i2_cts i2_cts_err
I      3.00    14   858.83  26.52    13   948.47  18.35
I      5.00    14   590.77  14.30    13   631.95   7.22
I      7.00    14   464.30   5.93    13   490.15   5.27
I      9.00    14   405.56   5.25    13   393.04   2.74
I     11.00    14   358.87   1.94    13   346.60   2.77
M     13.00    14   324.40   5.24    13   310.17   5.23
M     15.00    15   300.19   4.06    14   291.79   4.89
M     17.00    17   275.46   3.17    18   274.81   3.71
M     19.00    19   259.73   2.84    20   251.27   3.52
M     21.00    19   247.39   1.79    21   239.94   3.85
M     23.00    21   235.91   1.43    23   228.36   3.01
M     25.00    22   225.31   1.67    23   220.99   2.59
M     27.00    30   216.61   1.56    27   210.99   2.65
M     29.00    29   206.44   1.94    31   200.04   1.77
M     31.00    32   200.77   1.28    32   191.75   1.51
M     33.00    29   195.47   1.58    30   187.16   0.95
M     35.00    37   188.45   1.40    32   182.09   1.39
M     37.00    34   182.54   1.12    36   176.28   1.10
M     39.00    40   179.85   1.24    38   175.70   1.39
M     41.00    40   173.92   1.55    43   171.01   1.89
M     43.05    43   172.23   1.20    44   170.16   1.19
M     45.20    47   170.73   1.14    47   168.83   1.05
M     47.46    46   169.07   1.35    54   165.02   1.25
M     49.84    51   168.08   1.28    64   163.77   1.07
M     52.33    59   166.49   1.11    66   162.21   1.04
M     54.94    45   163.52   1.27    70   161.25   0.87
M     57.69    46   163.02   0.96    83   160.24   0.65
M     60.58    50   160.76   1.02    87   160.08   0.84
M     63.60    69   162.36   0.94   100   159.17   0.67
M     66.78    89   161.00   0.76   110   158.39   0.87
M     70.12   105   160.07   0.70   119   159.00   0.65
M     73.63   128   158.53   0.58   132   158.71   0.70
M     77.31   145   160.77   0.70   141   158.75   0.61
M     81.18   163   160.24   0.56   153   158.46   0.58
M     85.24   168   159.74   0.60   132   157.76   0.61
M     89.50   134   159.42   0.73   113   158.27   0.73
M     93.97   131   158.30   0.68   121   156.13   0.61
M     98.67   153   158.60   0.63   116   158.46   0.71
M    103.60   182   158.85   0.53   191   158.39   0.52
M    108.79   282   158.04   0.43   242   157.20   0.46
M    114.22   322   157.76   0.44   289   157.82   0.39
M    119.94   342   158.12   0.39   344   157.59   0.39
M    125.93   375   157.84   0.37   379   157.85   0.40
M    132.23   428   158.18   0.41   425   157.81   0.38
