###  1237667444585660537 0.396 27.956 206.99661
# method  r_pixel  n1 i1_cts i1_cts_err n2 i2_cts i2_cts_err
I      3.00    12   538.87   9.73    11   777.21  30.24
I      5.00    12   395.61   0.75    11   431.05   4.20
I      7.00    12   352.87   2.16    11   359.45   1.52
I      9.00    12   326.64   1.05    11   330.37   2.62
M     11.00    10   298.93   2.89    10   311.63   2.69
M     13.00    14   282.21   3.48    15   289.96   5.39
M     15.00    14   263.74   3.31    15   269.46   3.87
M     17.00    17   247.89   2.37    18   256.37   2.77
M     19.00    19   245.30   1.94    19   242.93   1.95
M     21.00    19   241.69   1.19    21   240.37   2.56
M     23.00    24   238.14   1.60    26   235.34   1.79
M     25.00    25   229.17   2.22    22   231.40   1.39
M     27.00    28   227.48   1.73    27   222.52   2.39
M     29.00    29   224.56   1.82    31   222.65   1.29
M     31.00    32   224.19   1.50    30   220.57   1.55
M     33.00    33   217.19   1.48    36   217.66   1.52
M     35.00    37   216.81   1.61    36   217.49   1.63
M     37.00    39   214.80   1.57    39   217.68   1.57
M     39.00    34   214.02   1.23    35   213.92   0.88
M     41.00    44   213.46   1.48    36   214.77   0.65
M     43.05    46   212.85   1.06    44   212.84   1.18
M     45.20    50   211.82   0.83    53   211.15   1.08
M     47.46    56   209.97   1.05    56   212.58   1.13
M     49.84    62   208.84   0.83    60   212.34   1.26
M     52.33    68   209.75   1.03    72   211.42   0.85
M     54.94    73   209.04   1.07    77   209.14   0.97
M     57.69    81   208.02   0.80    83   209.52   1.00
M     60.58    95   209.77   0.87    93   210.01   0.88
M     63.60    97   209.23   0.80    97   208.83   0.86
M     66.78    88   207.92   0.84   114   208.17   0.86
M     70.12    76   208.28   0.90   121   207.88   0.59
M     73.63    68   207.74   1.03   137   208.20   0.67
M     77.31    74   207.99   0.83   148   208.19   0.80
M     81.18   114   207.79   0.86   164   207.20   0.66
M     85.24   152   207.72   0.58   183   207.58   0.72
M     89.50   145   207.11   0.65   197   207.12   0.56
M     93.97   126   207.77   0.70   220   206.69   0.57
M     98.67   130   207.85   0.57   246   207.29   0.58
M    103.60   194   206.87   0.61   265   207.01   0.48
M    108.79   281   206.56   0.51   296   207.50   0.49
M    114.22   325   206.72   0.47   324   207.32   0.40
M    119.94   362   207.07   0.45   357   206.93   0.48
M    125.93   393   207.33   0.46   393   206.62   0.43
M    132.23   437   206.32   0.37   435   207.77   0.41
