###  1237667443511525379 0.396 27.973 216.87756
# method  r_pixel  n1 i1_cts i1_cts_err n2 i2_cts i2_cts_err
I      3.00    10  1193.68  10.43     9  1912.80  71.74
I      5.00    10   647.07   4.33     9   906.28  15.21
I      7.00    10   466.80   5.02     9   588.41   6.16
I      9.00    10   396.23   1.04     9   450.55   7.22
I     11.00    10   346.41   1.34     9   386.84   5.09
M     13.00    14   322.47   3.11    12   342.62   3.41
M     15.00    16   304.11   2.49    16   317.99   3.48
M     17.00    16   287.42   2.19    16   296.80   1.90
M     19.00    19   275.57   1.92    21   283.31   2.64
M     21.00    20   267.72   1.84    21   274.76   2.61
M     23.00    26   251.93   2.02    23   261.36   1.98
M     25.00    27   244.25   2.12    25   252.84   1.67
M     27.00    28   240.59   1.77    30   246.88   1.11
M     29.00    29   235.71   1.56    28   239.79   1.01
M     31.00    30   231.79   1.35    33   235.74   1.09
M     33.00    33   228.15   1.07    33   232.45   1.20
M     35.00    32   226.32   0.75    32   228.49   0.79
M     37.00    39   227.28   0.89    40   228.77   1.22
M     39.00    39   225.35   1.15    38   227.48   1.26
M     41.00    44   225.55   1.06    43   223.55   1.06
M     43.05    44   226.14   0.91    47   226.42   1.11
M     45.20    53   226.40   1.19    51   223.52   1.22
M     47.46    56   223.55   1.03    52   224.17   0.98
M     49.84    60   220.98   0.84    65   221.21   0.93
M     52.33    72   222.08   1.00    66   221.81   0.76
M     54.94    76   220.52   0.87    71   221.66   0.72
M     57.69    83   221.29   0.80    84   219.70   0.93
M     60.58    89   220.46   0.75    93   220.51   0.83
M     63.60   100   218.86   0.62   100   220.60   0.64
M     66.78   112   219.53   0.71   111   218.95   0.71
M     70.12   124   219.30   0.58   121   218.85   0.69
M     73.63   133   218.88   0.58   130   218.24   0.72
M     77.31   149   217.75   0.62   109   218.84   0.83
M     81.18   164   217.53   0.59    96   217.43   0.76
M     85.24   184   217.68   0.51    89   217.51   0.76
M     89.50   197   217.12   0.47   118   216.20   0.68
M     93.97   219   217.94   0.51   180   217.03   0.54
M     98.67   248   217.84   0.47   232   217.40   0.43
M    103.60   268   216.20   0.41   213   216.62   0.49
M    108.79   297   217.27   0.42   187   216.55   0.49
M    114.22   324   216.28   0.39   226   215.86   0.44
M    119.94   352   217.24   0.38   333   216.98   0.47
M    125.93   315   217.59   0.41   337   217.37   0.35
M    132.23   333   216.89   0.43   307   216.72   0.48
M    138.84   417   216.71   0.34   343   216.87   0.41
M    145.78   532   216.46   0.32   490   216.84   0.34
M    153.07   590   217.04   0.29   592   216.86   0.31
M    160.73   587   217.23   0.28   639   216.67   0.28
M    168.76   579   216.96   0.30   714   216.90   0.28
M    177.20   703   216.38   0.25   785   216.77   0.27
