###  1237667324334964782 0.396 27.978 166.24542
# method  r_pixel  n1 i1_cts i1_cts_err n2 i2_cts i2_cts_err
I      3.00    12  1733.67  84.42    11  1228.95  28.15
I      5.00    12   986.46  33.54    11   748.17  15.31
I      7.00    12   660.36  18.29    11   560.53   2.84
I      9.00    12   501.52   7.04    11   470.99   1.56
M     11.00    12   428.01  12.42    11   413.06  10.45
M     13.00    12   386.67   6.38    12   377.44   8.08
M     15.00    14   362.74   5.60    17   347.85   5.03
M     17.00    16   329.89   3.12    17   323.60   4.25
M     19.00    20   307.30   3.21    19   295.90   5.40
M     21.00    21   284.78   2.41    21   278.64   4.99
M     23.00    25   263.60   2.88    22   253.17   4.04
M     25.00    22   249.98   2.36    24   235.71   2.00
M     27.00    28   227.87   2.10    28   221.15   2.59
M     29.00    29   216.53   1.94    31   209.02   1.88
M     31.00    33   204.63   1.36    26   200.09   1.02
M     33.00    34   197.26   1.57    35   195.83   1.87
M     35.00    35   189.77   1.33    35   188.61   1.99
M     37.00    36   185.46   0.87    38   184.76   0.96
M     39.00    38   182.61   0.96    40   180.02   1.55
M     41.00    42   179.83   1.31    37   178.33   0.86
M     43.05    46   180.52   0.96    47   177.82   1.43
M     45.20    49   176.00   1.21    48   175.70   1.23
M     47.46    57   174.88   1.04    60   174.14   1.10
M     49.84    58   173.58   0.86    62   171.98   1.00
M     52.33    70   171.53   1.01    64   171.02   0.65
M     54.94    72   170.29   0.92    71   169.95   0.77
M     57.69    83   170.24   0.93    84   170.03   0.93
M     60.58    91   169.68   0.82    91   169.03   0.89
M     63.60    98   168.81   0.73    99   169.45   0.72
M     66.78   110   168.00   0.81   105   167.58   0.64
M     70.12   126   168.19   0.70   124   167.98   0.70
M     73.63   129   168.71   0.80   127   167.16   0.64
M     77.31   151   167.89   0.69   147   166.91   0.59
M     81.18   165   166.73   0.71   166   167.54   0.71
M     85.24   175   167.02   0.54   171   167.24   0.65
M     89.50   199   166.66   0.60   166   166.12   0.66
M     93.97   215   166.60   0.49   185   166.77   0.53
M     98.67   243   166.23   0.46   195   167.19   0.51
M    103.60   248   166.34   0.46   244   167.74   0.46
M    108.79   209   166.55   0.54   287   166.00   0.39
M    114.22   222   165.73   0.61   317   166.28   0.40
M    119.94   249   166.67   0.46   348   165.75   0.39
M    125.93   363   166.58   0.41   368   165.45   0.41
