###  1237667443511328857 0.396 27.973 220.85785
# method  r_pixel  n1 i1_cts i1_cts_err n2 i2_cts i2_cts_err
I      3.00    10   360.24   3.84     9   546.07  18.26
I      5.00    10   333.53   3.16     9   367.65   6.01
I      7.00    10   312.35   5.94     9   338.71   3.57
I      9.00    10   310.31   5.96     9   310.97   6.13
M     11.00    11   285.50   4.30    11   307.52   4.69
M     13.00    15   274.38   2.89    11   286.95   1.87
M     15.00    15   255.36   1.28    15   265.68   3.05
M     17.00    14   243.47   1.16    17   256.42   2.41
M     19.00    16   238.14   1.55    21   247.79   2.84
M     21.00    21   235.87   1.90    22   237.09   2.12
M     23.00    24   235.30   1.65    24   237.23   2.03
M     25.00    22   233.41   1.19    25   232.71   1.49
M     27.00    27   229.45   2.15    28   230.08   1.64
M     29.00    30   227.40   1.25    33   229.01   2.05
M     31.00    30   229.01   1.70    32   227.71   1.98
M     33.00    35   226.14   1.47    35   224.20   1.78
M     35.00    39   224.94   1.30    32   225.85   1.76
M     37.00    39   220.36   1.79    39   224.48   1.79
M     39.00    39   223.98   1.59    41   223.90   1.74
M     41.00    40   221.51   1.57    41   221.53   1.07
M     43.05    46   220.37   1.28    44   221.85   1.22
M     45.20    44   221.64   0.93    51   221.41   1.13
M     47.46    58   220.64   1.47    58   221.79   0.90
M     49.84    62   222.13   0.95    60   221.99   1.28
M     52.33    70   220.74   1.33    71   220.68   0.96
M     54.94    74   220.19   1.08    75   220.15   0.93
M     57.69    82   219.86   0.96    82   220.64   1.03
M     60.58    94   222.20   0.96    90   221.28   0.98
M     63.60   103   220.56   0.85    98   219.83   0.75
M     66.78   107   220.85   0.90   115   221.94   0.93
M     70.12   124   220.74   0.78   117   222.63   0.92
M     73.63   135   221.53   0.80   134   220.79   0.80
M     77.31   145   221.35   0.62   156   221.41   0.74
M     81.18   169   220.57   0.62   156   220.19   0.69
M     85.24   156   221.34   0.84   180   221.04   0.70
M     89.50   146   221.32   0.57   197   220.23   0.62
M     93.97   150   222.26   0.76   219   221.18   0.59
M     98.67   175   220.13   0.66   243   220.84   0.56
M    103.60   184   222.40   0.73   269   220.75   0.53
M    108.79   178   220.68   0.74   297   221.14   0.61
