###  1237667322723696663 0.396 27.952 171.20401
# method  r_pixel  n1 i1_cts i1_cts_err n2 i2_cts i2_cts_err
I      3.00    12  1640.06   6.94    11  2558.23  53.51
I      5.00    12  1103.42  15.44    11  1539.26  29.11
I      7.00    12   823.68   7.51    11   987.79  12.06
I      9.00    12   633.67   8.44    11   831.71  11.94
M     11.00    12   513.88  11.60    11   623.82  18.51
M     13.00    13   440.02   9.44    13   500.05   7.43
M     15.00    15   384.50   4.08    14   432.46   3.73
M     17.00    18   357.79   2.98    17   391.27   3.97
M     19.00    20   334.89   2.87    20   357.87   2.33
M     21.00    21   310.32   2.78    21   334.22   2.80
M     23.00    23   290.69   2.04    23   308.55   2.27
M     25.00    26   270.53   2.28    24   286.95   1.61
M     27.00    28   248.95   2.53    26   267.27   2.50
M     29.00    29   234.12   2.70    30   251.34   1.77
M     31.00    30   217.32   1.55    30   231.70   2.33
M     33.00    34   209.38   1.46    32   217.24   1.40
M     35.00    35   202.99   1.95    33   207.78   0.96
M     37.00    36   193.56   1.11    39   199.56   1.56
M     39.00    41   188.59   1.14    38   195.61   1.28
M     41.00    39   186.11   1.07    42   189.82   1.13
M     43.05    47   183.00   1.42    49   185.71   1.21
M     45.20    49   181.47   0.95    46   182.49   0.99
M     47.46    58   178.97   1.12    47   181.28   1.15
M     49.84    58   177.55   0.96    49   176.75   1.04
M     52.33    71   176.66   0.94    36   176.14   0.91
M     54.94    72   175.97   0.72    44   175.86   1.01
M     57.69    80   174.79   0.82    44   175.20   1.19
M     60.58    92   175.32   0.70    62   175.89   0.93
M     63.60    99   173.83   0.73    95   174.55   0.62
M     66.78   113   174.04   0.86   106   174.29   0.65
M     70.12   119   172.17   0.67   118   173.01   0.67
M     73.63   134   172.98   0.68   139   173.57   0.67
M     77.31   140   171.46   0.56   144   172.50   0.56
M     81.18   162   171.36   0.57   164   171.32   0.57
M     85.24   175   173.15   0.60   179   171.63   0.50
M     89.50   202   171.61   0.47   193   171.73   0.53
M     93.97   161   171.84   0.53   219   171.39   0.45
M     98.67   145   170.87   0.61   237   172.11   0.43
M    103.60   149   172.06   0.55   264   171.20   0.41
M    108.79   167   171.66   0.56   283   171.55   0.40
M    114.22   223   171.29   0.45   321   172.13   0.41
M    119.94   346   170.60   0.36   350   171.79   0.39
M    125.93   388   170.88   0.34   392   171.12   0.34
M    132.23   179   171.58   0.54   309   171.82   0.38
