###  1237667444048658882 0.396 27.91 213.22223
# method  r_pixel  n1 i1_cts i1_cts_err n2 i2_cts i2_cts_err
I      3.00    10   339.26   6.30     9   299.86   2.96
I      5.00    10   280.53   1.83     9   276.53   2.94
I      7.00    10   248.65   4.16     9   237.76   3.11
I      9.00    10   250.67   5.99     9   236.07   1.01
I     11.00    10   252.04   9.65     9   220.78   3.20
M     13.00    13   242.08   4.52    13   220.46   3.66
M     15.00    15   234.26   2.27    15   217.97   3.08
M     17.00    18   227.38   3.11    15   219.24   1.78
M     19.00    19   223.12   2.16    20   213.06   1.12
M     21.00    24   222.58   2.05    21   214.21   1.78
M     23.00    23   220.85   1.96    25   215.06   1.13
M     25.00    24   219.50   1.54    23   212.13   1.96
M     27.00    24   216.63   1.80    28   215.05   2.02
M     29.00    28   215.51   1.31    31   212.43   2.03
M     31.00    33   212.79   1.42    34   212.83   1.83
M     33.00    35   215.48   1.70    34   210.89   1.62
M     35.00    31   213.89   1.13    35   210.36   1.91
M     37.00    36   214.06   1.15    38   213.32   1.83
M     39.00    41   212.83   2.06    39   211.12   1.11
M     41.00    44   213.09   1.14    42   211.51   1.45
M     43.05    47   215.07   1.37    48   212.73   1.18
M     45.20    51   214.17   1.23    47   211.31   1.28
M     47.46    55   213.47   1.27    56   210.26   1.26
M     49.84    65   214.52   1.09    65   211.15   1.09
M     52.33    64   215.07   1.10    65   210.75   1.09
M     54.94    77   213.52   0.93    75   210.62   0.94
M     57.69    84   213.32   0.82    83   210.73   0.90
M     60.58    91   213.64   1.05    93   211.17   1.11
M     63.60   104   213.41   0.99    99   211.28   0.63
M     66.78   110   212.73   0.90   111   211.71   0.89
M     70.12   119   213.92   0.86   126   212.57   0.67
M     73.63   115   213.21   0.94   133   211.65   0.76
M     77.31   116   213.09   0.82   143   211.29   0.73
M     81.18   131   214.52   0.77   166   211.06   0.68
M     85.24   168   213.71   0.78   184   211.13   0.65
M     89.50   196   215.04   0.76   202   212.62   0.66
