###  1237667444585922611 0.396 27.956 211.63148
# method  r_pixel  n1 i1_cts i1_cts_err n2 i2_cts i2_cts_err
I      3.00    12   470.53   3.17    11  1581.63  11.28
I      5.00    12   362.17   1.45    11   567.78   4.95
I      7.00    12   336.69   1.31    11   387.61   1.79
I      9.00    12   310.29   0.70    11   345.16   2.47
M     11.00    11   290.40   1.77    13   314.10   3.27
I     13.00    12   272.40   2.72    11   295.10   1.35
M     15.00    17   254.87   2.37    14   279.97   3.35
M     17.00    16   240.77   2.27    16   260.07   2.95
M     19.00    20   232.20   1.60    19   246.48   2.27
M     21.00    17   222.28   2.21    23   234.02   1.94
M     23.00    16   224.17   1.62    22   232.44   2.24
I     25.00    12   228.58   1.73    11   228.94   1.48
I     27.00    12   228.82   8.10    11   225.73   3.14
I     29.00    12   223.54   3.85    11   231.58   3.14
I     31.00    12   222.41   2.39    11   223.92   4.27
I     33.00    12   215.03   1.59    11   215.12   4.06
I     35.00    12   211.69   1.70    11   218.34   4.19
I     37.00    12   210.24   1.16    11   220.01   2.88
M     39.00    19   212.16   1.65    39   215.99   1.90
M     41.00    29   211.93   1.91    44   215.27   1.46
M     43.05    47   212.49   1.21    44   214.61   1.19
M     45.20    51   212.42   1.38    48   213.26   1.14
M     47.46    60   212.28   1.18    47   213.64   0.90
M     49.84    60   211.99   1.12    51   214.21   0.91
M     52.33    72   210.23   1.16    57   215.31   1.22
M     54.94    74   211.23   0.98    60   213.99   1.29
M     57.69    83   211.84   1.09    73   211.77   1.04
M     60.58    90   211.00   0.96    79   211.71   0.79
M     63.60   103   212.48   0.97    93   210.64   0.98
M     66.78   108   211.16   0.81   111   212.37   0.92
M     70.12   123   210.46   0.83   122   211.67   0.97
M     73.63   131   211.89   0.75   138   211.65   0.88
M     77.31   147   211.97   0.81   155   210.80   0.67
M     81.18   163   210.36   0.61   160   210.50   0.63
M     85.24   180   211.18   0.68   179   211.23   0.64
M     89.50   152   212.52   0.75   198   210.47   0.76
M     93.97   142   210.27   0.66   217   210.14   0.62
