###  1237667323797307748 0.396 27.932 166.7912
# method  r_pixel  n1 i1_cts i1_cts_err n2 i2_cts i2_cts_err
I      3.00    18   432.67   5.94    17   401.00   6.47
I      5.00    18   365.56   3.55    17   345.33   2.81
I      7.00    18   307.13   2.58    17   316.20   2.18
I      9.00    18   300.77   3.30    17   297.38   2.89
M     11.00    10   287.93   4.96    10   268.62   4.56
M     13.00    12   261.81   3.45    13   252.30   3.32
M     15.00    16   246.49   2.51    13   246.69   2.08
M     17.00    16   234.55   2.66    16   231.25   3.30
M     19.00    17   227.82   1.83    20   225.62   2.39
M     21.00    21   216.56   2.33    20   209.47   1.83
M     23.00    22   209.69   2.28    19   203.69   1.44
M     25.00    22   198.97   1.74    26   197.89   2.71
M     27.00    26   192.28   1.35    28   187.42   1.31
M     29.00    29   186.76   1.40    27   181.03   2.17
M     31.00    30   181.88   1.60    31   178.68   1.58
M     33.00    30   178.38   1.37    34   176.59   1.40
M     35.00    35   174.16   1.48    30   174.76   1.38
M     37.00    35   174.04   1.17    34   173.03   1.40
M     39.00    37   174.51   1.44    40   171.83   1.39
M     41.00    40   171.54   1.69    37   171.87   0.93
M     43.05    45   171.33   1.12    43   173.26   1.15
M     45.20    48   171.03   1.09    46   170.46   1.02
M     47.46    50   168.94   1.06    52   168.08   1.39
M     49.84    59   168.59   0.98    60   168.81   1.13
M     52.33    62   167.78   0.80    64   168.33   0.94
M     54.94    69   167.68   0.91    71   168.48   0.74
M     57.69    78   167.64   1.00    77   167.60   0.93
M     60.58    89   167.57   0.93    86   167.15   0.81
M     63.60    94   168.41   0.71    95   169.11   0.84
M     66.78   102   165.76   0.81   105   169.58   0.80
M     70.12   115   166.44   0.70   116   167.54   0.70
M     73.63   127   166.44   0.67   117   167.25   0.58
M     77.31   139   167.12   0.64   145   166.07   0.57
M     81.18   117   166.90   0.64   152   166.90   0.56
M     85.24   104   167.62   0.80   168   166.27   0.58
M     89.50   100   166.80   0.75   190   167.14   0.55
M     93.97   108   166.76   0.85   204   167.08   0.53
M     98.67   174   165.86   0.57   223   167.11   0.59
M    103.60   252   166.72   0.47   256   166.65   0.47
M    108.79   281   167.36   0.49   274   166.48   0.46
M    114.22   299   166.69   0.47   299   166.52   0.44
M    119.94   338   166.78   0.41   335   167.29   0.41
M    125.93   363   167.25   0.46   367   167.75   0.39
