###  1237667444048593084 0.396 27.91 207.27965
# method  r_pixel  n1 i1_cts i1_cts_err n2 i2_cts i2_cts_err
I      3.00    10  1050.07  32.99     9  1678.11  92.85
I      5.00    10   578.93   2.64     9   772.18  27.10
I      7.00    10   430.01   5.24     9   497.19   6.16
I      9.00    10   379.73   1.93     9   411.22   7.42
M     11.00    11   341.52   3.80    10   363.24   3.74
M     13.00    15   314.15   4.37    14   334.65   2.51
M     15.00    15   295.25   4.20    15   307.30   4.37
M     17.00    17   279.75   3.05    18   294.27   2.66
M     19.00    19   263.55   2.44    20   276.93   3.79
M     21.00    21   248.07   2.19    22   264.99   1.87
M     23.00    21   237.22   1.64    22   253.44   2.68
M     25.00    26   230.72   1.48    24   246.94   1.79
M     27.00    28   224.92   1.42    29   236.54   1.87
M     29.00    28   220.28   1.30    30   228.91   1.26
M     31.00    32   219.70   1.33    32   222.53   1.77
M     33.00    32   217.61   2.00    31   220.39   1.46
M     35.00    35   215.23   1.49    33   218.35   1.42
M     37.00    39   211.91   1.31    29   216.76   1.52
M     39.00    43   211.70   1.34    14   213.55   2.01
I     41.00    10   209.59   2.48     9   212.00   5.32
I     43.05    10   212.49   0.87     9   207.27   3.00
I     45.20    10   203.60   1.78     9   208.35   3.12
M     47.46    57   210.86   1.24    21   208.45   1.77
M     49.84    64   208.74   1.25    47   208.76   1.19
M     52.33    68   208.93   0.99    67   208.62   1.30
M     54.94    71   209.02   0.82    77   209.10   1.15
M     57.69    82   208.11   0.97    86   208.63   1.08
M     60.58    94   208.13   0.78    93   208.03   0.91
M     63.60    98   209.66   0.82    99   208.92   0.76
M     66.78   110   208.75   0.84   110   208.78   0.95
M     70.12   126   206.29   0.73   125   208.66   0.79
M     73.63   135   207.66   0.81   140   207.29   0.80
M     77.31   150   207.07   0.67   145   208.22   0.73
M     81.18   166   206.52   0.73   163   207.57   0.64
M     85.24   182   207.83   0.70   181   207.46   0.61
M     89.50   200   207.77   0.62   195   207.92   0.58
M     93.97   223   207.80   0.59   225   207.96   0.62
M     98.67   244   207.47   0.56   241   207.75   0.64
M    103.60   269   207.90   0.50   266   207.01   0.54
M    108.79   298   206.49   0.44   295   206.77   0.47
M    114.22   277   207.44   0.53   302   207.66   0.57
